     0/299    0.757G   0.05103   0.01955   0.01985   0.09043        70       480         0         0         0         0   0.04769   0.02111   0.01653
     1/299     1.87G   0.05918   0.02758   0.02174    0.1085        89       480         0         0         0         0   0.04759   0.02193   0.01614
     2/299     1.87G   0.06033   0.01764   0.02301     0.101        62       480         0         0         0         0   0.04755    0.0196   0.01572
     3/299     1.87G   0.05049   0.01699   0.01781   0.08528        87       480         0         0         0         0   0.04755   0.02064    0.0153
     4/299     1.87G   0.06041   0.02244   0.01925    0.1021       168       480         0         0         0         0   0.04757   0.01944   0.01492
     5/299     1.87G   0.04981   0.01663   0.01649   0.08293        74       480         0         0         0         0    0.0476   0.01937   0.01456
     6/299     1.87G   0.04855    0.0215   0.01533   0.08538        75       480         0         0         0         0   0.04763   0.01839   0.01423
     7/299     1.87G   0.05837   0.02408   0.01701   0.09947        75       480         0         0         0         0   0.04764   0.01857   0.01399
     8/299     1.87G   0.04866   0.01709   0.01413   0.07987         0       480         0         0         0         0   0.04765   0.01734   0.01371
     9/299     1.87G   0.04816   0.02173   0.01384   0.08372        75       480         0         0         0         0   0.04765   0.01693   0.01345
    10/299     1.87G   0.04867   0.01834   0.01308   0.08009        58       480         0         0         0         0   0.04765   0.01691   0.01318
    11/299     1.87G   0.04855   0.01852   0.01276   0.07984       147       480         0         0         0         0   0.04764   0.01746    0.0129
    12/299     1.87G   0.04816   0.02019   0.01212   0.08047       150       480         0         0         0         0   0.04762   0.01658   0.01261
    13/299     1.87G   0.04818   0.01906   0.01164   0.07888        21       480         0         0         0         0   0.04761   0.01707   0.01229
    14/299     1.87G   0.05732   0.02116   0.01525   0.09373       207       480         0         0         0         0   0.04764   0.01599     0.012
    15/299     1.87G   0.04869   0.01829    0.0112   0.07819        53       480         0         0         0         0   0.04768   0.01647   0.01167
    16/299     1.87G   0.04781    0.0194   0.01164   0.07885        99       480         0         0         0         0   0.04766   0.01644    0.0114
    17/299     1.87G   0.04722    0.0213   0.01081   0.07933        73       480         0         0         0         0   0.04762   0.01629   0.01118
    18/299     1.87G   0.04748   0.02075    0.0101   0.07833       181       480         0         0         0         0   0.04756   0.01598   0.01098
    19/299     1.87G   0.05783   0.02179   0.01393   0.09354       105       480         0         0         0         0   0.04749    0.0162   0.01092
    20/299     1.87G   0.04751   0.01935    0.0111   0.07796        79       480         0         0         0         0   0.04743   0.01575   0.01075
    21/299     1.87G   0.04744   0.01937  0.009409   0.07623        85       480         0         0         0         0   0.04734    0.0162    0.0106
    22/299     1.87G   0.05651   0.02409   0.01334   0.09394        42       480         0         0         0         0   0.04743   0.01551   0.01056
    23/299     1.87G   0.04632   0.02507   0.01066   0.08204       124       480         0         0         0         0    0.0474   0.01582   0.01055
    24/299     1.87G   0.04705   0.02271  0.009855   0.07961       157       480         0         0         0         0   0.04729   0.01571   0.01052
    25/299     1.87G   0.04718   0.02011  0.009124   0.07642       115       480         0         0         0         0   0.04718   0.01591   0.01047
    26/299     1.87G   0.04712   0.01919      0.01   0.07631        86       480         0         0         0         0   0.04706   0.01624   0.01043
    27/299     1.87G   0.04571   0.02409   0.01015   0.07994       129       480         0         0         0         0   0.04685    0.0167   0.01036
    28/299     1.87G    0.0551   0.02603   0.01149   0.09263       195       480         0         0         0         0   0.04668   0.01745   0.01032
    29/299     1.87G   0.04576    0.0229  0.009524   0.07819        72       480         0         0         0         0   0.04627   0.01823   0.01028
    30/299     1.87G   0.04579    0.0211  0.007796   0.07469        42       480    0.4015 0.0009615 8.002e-06 8.002e-07   0.04592   0.01879    0.0103
    31/299     1.87G   0.06406   0.02455   0.01644    0.1051       113       480  0.003579  0.005385  8.53e-05 1.464e-05   0.04517   0.01972   0.01023
    32/299     1.87G   0.05391   0.02506    0.0122   0.09118        69       480    0.2124   0.02549  0.001368  0.000149   0.04463   0.02031   0.01017
    33/299     1.87G    0.0549   0.02817   0.01098   0.09405        65       480    0.2008  0.001923 7.093e-06 2.128e-06   0.04513   0.01949   0.01028
    34/299     1.87G   0.04575   0.02226  0.009548   0.07756       123       480    0.2011  0.001923 8.903e-06 2.184e-06   0.04534   0.01922    0.0103
    35/299     1.87G   0.04561   0.02235  0.007868   0.07583       224       480    0.2013  0.001923 9.708e-06 2.912e-06   0.04536   0.01917   0.01029
    36/299     1.87G     0.054   0.02436  0.009665   0.08802        83       480   0.00151  0.004423 4.574e-05 5.045e-06   0.04516   0.02015   0.01031
    37/299     1.87G    0.0448   0.02339  0.008016   0.07621        78       480    0.2092   0.05344  0.001482 0.0002968   0.04507   0.02034   0.01036
    38/299     1.87G   0.05558   0.02113   0.01206   0.08877        63       480  0.004808    0.0201 0.0004535 9.183e-05   0.04504   0.02106   0.01038
    39/299     1.87G   0.05415   0.02731  0.009342    0.0908       115       480  0.004657   0.02299 0.0005155  0.000169    0.0448   0.02162   0.01038
    40/299     1.87G   0.05557   0.02278   0.01378   0.09213        67       480  0.004515   0.02299 0.0004458 0.0001937   0.04443   0.02213   0.01026
    41/299     1.87G   0.05347   0.02432   0.01047   0.08825        70       480  0.004046   0.02587 0.0004285 9.772e-05   0.04397   0.02254   0.01017
    42/299     1.87G   0.04318   0.02627  0.007565   0.07702       263       480  0.002819   0.02203 0.0003057 5.075e-05   0.04352   0.02257    0.0101
    43/299     1.87G   0.04207   0.02519   0.00832   0.07558        40       480    0.2026  0.006346 0.0001071 1.872e-05   0.04322   0.02295  0.009993
    44/299     1.87G   0.04294   0.02476  0.007496    0.0752       208       480    0.8112  0.009604 0.0006664 8.516e-05   0.04269   0.02343  0.009908
    45/299     1.87G   0.04203   0.02648  0.007443   0.07595        41       480    0.8105   0.01346 0.0009515 0.0001444   0.04226   0.02379  0.009796
    46/299     1.87G   0.05388   0.02403  0.008287   0.08619       154       480    0.2056   0.02135 0.0006836 0.0001068   0.04157   0.02372  0.009612
    47/299     1.87G   0.04173   0.02746  0.007031   0.07622       185       480  0.007217   0.03019  0.001139 0.0001684   0.04112   0.02388  0.009482
    48/299     1.87G   0.04223   0.02504  0.008142   0.07541        81       480    0.2151   0.07353  0.004466 0.0005512   0.04072   0.02437  0.009419
    49/299     1.87G   0.04079   0.02699   0.00628   0.07406       110       480    0.8257   0.02019  0.004463  0.000587   0.04062   0.02467  0.009365
    50/299     1.87G   0.04938   0.02741  0.008163   0.08495       124       480    0.6155   0.03462  0.003696 0.0005056   0.04016   0.02572  0.009235
    51/299     1.87G   0.04029   0.02846  0.007068   0.07582       182       480    0.8191   0.02115  0.003447 0.0004725   0.03999   0.02542  0.009161
    52/299     1.87G    0.0403   0.02535  0.006787   0.07244       129       480    0.2204   0.05481  0.005855 0.0007441   0.03937   0.02519  0.009101
    53/299     1.87G   0.03898   0.02829   0.00626   0.07353       134       480    0.6667   0.05558   0.00982  0.001271     0.039   0.02594  0.009016
    54/299     1.87G   0.04006   0.02755  0.006861   0.07447         0       480    0.6302   0.04911  0.005977 0.0007834   0.03942   0.02701  0.008825
    55/299     1.87G   0.04838   0.03331  0.005356   0.08704       114       480    0.6393   0.05462  0.007747 0.0009994   0.03916   0.02743  0.008799
    56/299     1.87G   0.05042   0.02986  0.007219   0.08749       132       480    0.6408      0.07   0.01276  0.001902   0.03907   0.02703  0.008731
    57/299     1.87G   0.03832   0.03144   0.00626   0.07602        84       480    0.6287   0.06692  0.009922  0.001539   0.03847   0.02749   0.00861
    58/299     1.87G   0.05679   0.02992  0.006325   0.09303        90       480    0.6266   0.07404  0.009108  0.001478   0.03822   0.02683  0.008417
    59/299     1.87G   0.04755    0.0271  0.007793   0.08244       130       480    0.4344   0.09692   0.01319     0.002   0.03757   0.02649  0.008061
    60/299     1.87G   0.03862   0.03127  0.006812   0.07671       193       480    0.6816   0.06808   0.02389  0.003388   0.03693   0.02693  0.007681
    61/299     1.87G   0.03617   0.03401  0.005949   0.07613        58       480   0.05896    0.1326   0.02391  0.003414   0.03688   0.02817  0.007554
    62/299     1.87G   0.03765   0.03016  0.005774   0.07358       190       480     0.421    0.1347   0.04056  0.007274   0.03669   0.02811  0.007322
    63/299     1.87G   0.03613   0.02921  0.005067    0.0704       128       480    0.1211    0.1343   0.03953   0.00719    0.0364   0.02713  0.007283
    64/299     1.87G   0.03768   0.02868  0.007154   0.07351       170       480    0.4442    0.1115   0.01965  0.002916   0.03606   0.02662  0.007074
    65/299     1.87G   0.03658   0.03058  0.005396   0.07255       115       480    0.6483    0.1198   0.02603  0.003973    0.0361   0.02674  0.006928
    66/299     1.87G    0.0366   0.03301  0.004997   0.07461       249       480    0.6449    0.1042   0.01872  0.002901   0.03627   0.02775  0.006842
    67/299     1.87G    0.0456   0.03063   0.00638   0.08261        67       480    0.6393    0.1016   0.01919  0.002937   0.03595    0.0262  0.007057
    68/299     1.87G   0.03626   0.03048  0.005731   0.07247       141       480    0.6766   0.06942   0.03112  0.004205   0.03555   0.02608  0.006971
    69/299     1.87G   0.04518   0.02954  0.005689   0.08041        97       480   0.05658    0.1831   0.05222  0.008259   0.03543   0.02639  0.006917
    70/299     1.87G   0.03516   0.03093  0.005811    0.0719       151       480   0.09318    0.1872   0.05571  0.007797   0.03507   0.02687  0.006641
    71/299     1.87G   0.04521   0.03181  0.005478    0.0825       108       480    0.2243    0.1728   0.07285   0.01008   0.03516   0.02732  0.006521
    72/299     1.87G    0.0347   0.02851  0.005154   0.06836       176       480    0.1031    0.2063   0.08412   0.01329   0.03498   0.02703  0.006429
    73/299     1.87G   0.03315   0.03713  0.005331   0.07561        64       480    0.0861    0.2105   0.08454   0.01279   0.03469   0.02822  0.006452
    74/299     1.87G   0.03627   0.03387  0.007906   0.07804        45       480   0.09288     0.279   0.07646   0.01096   0.03626   0.02794  0.006392
    75/299     1.87G   0.03627   0.02917  0.005796   0.07124       192       480   0.07295    0.1778   0.04196  0.006307   0.03573   0.02693   0.00636
    76/299     1.87G   0.03485   0.03543  0.005117    0.0754       206       480    0.6663    0.1137   0.03813  0.005727   0.03494   0.02632  0.006261
    77/299     1.87G   0.04468   0.03243  0.005259   0.08237       127       480    0.6733    0.1348   0.05375  0.009903   0.03425   0.02654  0.006351
    78/299     1.87G   0.03403   0.03082  0.004725   0.06957        52       480    0.6608    0.1098   0.04633  0.007396   0.03413   0.02659  0.006574
    79/299     1.87G   0.03451   0.03497  0.005116    0.0746       184       480    0.6667    0.1107   0.04406  0.007452   0.03405   0.02634  0.006433
    80/299     1.87G   0.03247   0.03471  0.004183   0.07137       112       480    0.6943    0.1127    0.0639   0.01093   0.03367   0.02665  0.005981
    81/299     1.87G   0.03339    0.0327  0.003932   0.07002       145       480    0.6831    0.1342   0.06639   0.01287   0.03364   0.02693  0.005864
    82/299     1.87G   0.03393   0.03035   0.00432   0.06861       139       480    0.7137    0.1046   0.07824    0.0135   0.03341   0.02707  0.005768
    83/299     1.87G   0.04418   0.03525  0.005822   0.08525       286       480    0.6719    0.1263   0.06096   0.01147   0.03418   0.02626   0.00564
    84/299     1.87G   0.03377   0.03185  0.005072   0.07069        46       480    0.6958    0.1456    0.0668   0.01136   0.03375    0.0255  0.005265
    85/299     1.87G    0.0346   0.03083  0.004038   0.06946       128       480    0.6665    0.1021    0.0373  0.007071   0.03592   0.02393  0.005051
    86/299     1.87G   0.03355     0.032  0.003874   0.06943        55       480    0.7098    0.1675   0.08447   0.01643    0.0329   0.02502  0.004863
    87/299     1.87G   0.04347   0.03057  0.004639   0.07868        38       480    0.7121    0.1773   0.08509   0.01488   0.03342   0.02446  0.004761
    88/299     1.87G   0.03391   0.03105  0.003737    0.0687       153       480     0.714    0.1681    0.0937   0.01972   0.03279   0.02423  0.004635
    89/299     1.87G   0.03348   0.03957  0.004124   0.07717        99       480    0.6744    0.1421    0.0438  0.008072   0.03494   0.02408  0.004567
    90/299     1.87G    0.0337   0.03413   0.00341   0.07123        30       480    0.7117    0.1481   0.07122   0.01221   0.03331   0.02475  0.004465
    91/299     1.87G   0.04255   0.03081  0.009298   0.08266        29       480   0.01823    0.1096  0.006667 0.0008329   0.03926   0.02196   0.00442
    92/299     1.87G   0.03984   0.02539  0.003766     0.069       149       480    0.5032    0.1373   0.06637   0.01111   0.03449    0.0265   0.00434
    93/299     1.87G   0.03371   0.03283  0.004015   0.07056        76       480    0.7158    0.1373   0.06322  0.009928   0.03388   0.02509  0.004313
    94/299     1.87G   0.03429   0.03438  0.003591   0.07226        35       480    0.7374    0.1701    0.1125   0.02266   0.03285   0.02368  0.004326
    95/299     1.87G   0.04407   0.03481  0.004754   0.08363        41       480    0.7001    0.1367   0.05016   0.00696   0.03403   0.02375  0.004306
    96/299     1.87G   0.05111   0.03545  0.004629   0.09119       132       480    0.7452    0.1686    0.1101   0.02135   0.03317   0.02469  0.004301
    97/299     1.87G   0.03271   0.03278   0.00372   0.06921       188       480    0.7369    0.1843   0.09931   0.02138   0.03337   0.02424  0.004242
    98/299     1.87G   0.03908   0.03652  0.008266   0.08387       117       480    0.7146    0.1339   0.06404  0.009979   0.03382   0.02474  0.004248
    99/299     1.87G   0.03302   0.03402  0.003442   0.07049       145       480    0.7263    0.1458   0.07515    0.0147   0.03302    0.0253  0.004199
   100/299     1.87G   0.03132   0.03642  0.004618   0.07236        69       480    0.7209    0.1384   0.06945   0.01241   0.03443   0.02461   0.00425
   101/299     1.87G   0.03695   0.02934  0.003481   0.06977        66       480   0.04434   0.09722   0.01054  0.001739   0.03997   0.02161  0.004223
   102/299     1.87G   0.04949   0.02695  0.007806   0.08424        71       480     0.059    0.1049   0.02325  0.004873   0.04002   0.02025   0.00443
   103/299     1.87G   0.04049   0.02491  0.003231   0.06862        98       480   0.03496   0.09641   0.01964  0.006727   0.04255   0.01812  0.004506
   104/299     1.87G    0.0387   0.02993  0.003654   0.07228       154       480   0.05738    0.1472   0.04833   0.01252   0.03856   0.02253  0.004302
   105/299     1.87G   0.04362   0.02935  0.004142   0.07711        95       480   0.06832     0.174   0.04484  0.006967   0.03649    0.0236  0.004157
   106/299     1.87G   0.04469   0.02883  0.003806   0.07732       184       480     0.754    0.1456    0.1148    0.0264   0.03278   0.02476   0.00407
   107/299     1.87G   0.03446   0.03235  0.004296   0.07111       278       480    0.1365    0.2654    0.1144     0.028    0.0335   0.02598  0.004056
   108/299     1.87G   0.04431   0.03125  0.008748   0.08431       152       480    0.7202    0.1356   0.07333   0.01143   0.03342   0.02507  0.004028
   109/299     1.87G   0.04544   0.03247  0.005328   0.08324        45       480    0.1201    0.2115    0.0696   0.01365    0.0367   0.02331  0.003978
   110/299     1.87G   0.03732   0.02742  0.003388   0.06812        74       480  0.008264   0.02923  0.001169 0.0001553    0.0398   0.02048  0.003985
   111/299     1.87G   0.03738   0.03491  0.003338   0.07563        74       480   0.02164    0.1318   0.00969   0.00218   0.04193   0.01841  0.003927
   112/299     1.87G   0.05496   0.02917   0.00623   0.09036       132       480    0.5376    0.1388   0.08812    0.0183   0.03355   0.02874  0.003895
   113/299     1.87G   0.03451   0.03292  0.002998   0.07043       230       480   0.08022     0.193   0.04454  0.007467   0.03435   0.02373  0.003913
   114/299     1.87G   0.04509   0.02888  0.003457   0.07742        35       480    0.6416    0.0978   0.05026  0.006407   0.03521   0.02311  0.003886
   115/299     1.87G   0.03184   0.03334  0.002908   0.06809        99       480    0.3295    0.2081   0.08311   0.01959   0.03511   0.02344  0.003833
   116/299     1.87G   0.03706   0.02814   0.00325   0.06844       196       480   0.06227   0.07636   0.01875  0.003032   0.04143   0.01921  0.003826
   117/299     1.87G   0.04151   0.02306  0.002955   0.06752       135       480   0.01471   0.02684  0.001536 0.0001616    0.0451   0.01436  0.003823
   118/299     1.87G   0.05194   0.02061   0.00887   0.08142        31       480    0.0219   0.07075   0.00978   0.00136   0.04459   0.01508  0.003771
   119/299     1.87G   0.03785   0.02877  0.003507   0.07013        86       480   0.02792   0.06786  0.007294 0.0007375   0.04334   0.01744  0.003757
   120/299     1.87G   0.04955   0.02457  0.006964   0.08109        49       480    0.3125    0.1298   0.04749  0.007909   0.03934    0.0237   0.00374
   121/299     1.87G   0.03573   0.03313  0.003147   0.07201        57       480    0.1056    0.1777    0.0683   0.01386   0.03546   0.02482  0.003771
   122/299     1.87G   0.04328   0.03621  0.003566   0.08306       138       480    0.2463    0.2429    0.1606   0.02988   0.03289   0.02363  0.003796
   123/299     1.87G   0.03599   0.03172  0.003523   0.07124       171       480   0.06128    0.1686   0.02237  0.003692   0.04007    0.0223  0.003723
   124/299     1.87G   0.03432   0.02922  0.003134   0.06667        75       480     0.838    0.1588    0.1592   0.03642   0.03238    0.0238  0.003637
   125/299     1.87G   0.04435   0.02723   0.00433   0.07591       121       480     0.457    0.2207    0.1038   0.02331   0.03488   0.02248  0.003614
   126/299     1.87G   0.03569   0.02871  0.003269   0.06767       130       480   0.05967    0.1001   0.02005  0.002939   0.03595   0.02218  0.003597
   127/299     1.87G   0.03777   0.02748  0.002945   0.06819        48       480    0.7119    0.2218    0.1411    0.0324   0.03232   0.02415  0.003567
   128/299     1.87G   0.03276   0.03072  0.003976   0.06746       116       480     0.146    0.2403    0.1094   0.02015   0.03313   0.02423  0.003574
   129/299     1.87G   0.05372    0.0302  0.004244   0.08817       204       480    0.6878    0.1162   0.04597  0.008526   0.03632   0.02344  0.003563
   130/299     1.87G   0.04154   0.03369  0.004597   0.07983        68       480    0.7898    0.1929    0.1527   0.03454   0.03193   0.02533  0.003575
   131/299     1.87G   0.03328   0.03209  0.002909   0.06828       119       480    0.6683   0.06827   0.03218  0.004244   0.03455   0.02464  0.003578
   132/299     1.87G   0.04403   0.03271  0.004959    0.0817        85       480    0.7025    0.2055    0.1235   0.02294   0.03392   0.02405  0.003558
   133/299     1.87G   0.05313   0.03351  0.009446   0.09609       161       480    0.7038    0.2328    0.1331   0.03031   0.03347   0.02425  0.003529
   134/299     1.87G   0.03213   0.03993  0.003733   0.07579       155       480    0.6367   0.07991   0.04409  0.009018   0.03516   0.02299  0.003515
   135/299     1.87G   0.03546   0.02918  0.002737   0.06738       169       480    0.6978    0.2153    0.1207   0.02045   0.03436   0.02339  0.003517
   136/299     1.87G    0.0306   0.03815  0.003225   0.07197        90       480    0.7255     0.243    0.1655   0.03775   0.03215    0.0238  0.003527
   137/299     1.87G   0.03365   0.03086  0.003632   0.06814       124       480    0.7701    0.1982    0.1403   0.03456   0.03172   0.02402  0.003535
   138/299     1.87G   0.04132   0.03337  0.004643   0.07933        96       480     0.697     0.198    0.1135    0.0223   0.03387    0.0231   0.00353
   139/299     1.87G   0.03225   0.03099  0.003016   0.06625       100       480    0.2079    0.2934    0.1821    0.0419   0.03179   0.02332  0.003526
   140/299     1.87G   0.04286   0.03446  0.005629   0.08294        80       480     0.308     0.293    0.1493   0.03182   0.03368   0.02308  0.003504
   141/299     1.87G   0.03196   0.03089  0.002754    0.0656       158       480     0.728    0.1329    0.0739    0.0138   0.03457    0.0224  0.003468
   142/299     1.87G   0.03409     0.031  0.002833   0.06792       274       480    0.1782    0.2675    0.1032   0.01892   0.03583   0.02225   0.00346
   143/299     1.87G   0.03405   0.03128  0.002731   0.06806        37       480    0.7472    0.1471    0.1029   0.01893   0.03276   0.02431  0.003449
   144/299     1.87G   0.04567   0.03016  0.003168     0.079       151       480     0.725    0.2391    0.1477   0.03261   0.03309   0.02463  0.003439
   145/299     1.87G   0.03031   0.03409  0.003858   0.06826        42       480    0.7333    0.2515    0.1523    0.0349   0.03271    0.0237  0.003412
   146/299     1.87G   0.03124   0.03514  0.002446   0.06883       118       480    0.6723   0.07192   0.03053  0.003946   0.03475   0.02341  0.003414
   147/299     1.87G   0.04641   0.03423  0.002902   0.08354       216       480    0.5515    0.2812    0.2072   0.04352   0.03104   0.02448  0.003405
   148/299     1.87G   0.03092   0.03276  0.002703   0.06639       170       480    0.7614    0.2946    0.2247   0.05112   0.03096   0.02418  0.003397
   149/299     1.87G   0.03212   0.03026  0.004734   0.06711        25       480   0.07418    0.3966    0.0753   0.01671   0.03514   0.02222   0.00338
   150/299     1.87G   0.04125   0.03046  0.002789    0.0745        75       480    0.2278    0.2204    0.1273   0.02603   0.03232   0.02285  0.003379
   151/299     1.87G   0.03187   0.03421  0.002925     0.069        83       480     0.232     0.277    0.1926   0.04734   0.03167   0.02275  0.003392
   152/299     1.87G   0.04298   0.02835  0.003454   0.07479       191       480    0.2703    0.2785    0.1817   0.03167   0.03276   0.02285  0.003382
   153/299     1.87G   0.04382   0.03009  0.003096   0.07701       124       480    0.1633    0.3037    0.1574   0.03701   0.03272   0.02305  0.003385
   154/299     1.87G   0.03203   0.03385  0.002872   0.06875       240       480    0.1822    0.4131    0.2197   0.06778   0.03111   0.02348  0.003379
   155/299     1.87G   0.03218   0.03234  0.002617   0.06714       231       480    0.2901    0.3684    0.2666   0.07635   0.03036   0.02316  0.003346
   156/299     1.87G   0.03948   0.03548  0.003576   0.07853       138       480    0.8081    0.1933    0.1998   0.05718   0.03095     0.023  0.003346
   157/299     1.87G   0.03059   0.02981  0.002335   0.06274        99       480    0.7006    0.2397    0.1843     0.039   0.03321   0.02242  0.003361
   158/299     1.87G   0.03411   0.03003  0.002831   0.06698        76       480    0.6866    0.1732    0.1063   0.02085   0.03349   0.02256  0.003363
   159/299     1.87G   0.04574   0.02708  0.003389   0.07621        68       480    0.1631     0.488    0.2729   0.07207   0.03064   0.02424  0.003431
   160/299     1.87G   0.04038   0.03547   0.00422   0.08006        65       480    0.3851    0.4467    0.2946   0.08192    0.0304   0.02313  0.003475
   161/299     1.87G    0.0305   0.03476  0.002704   0.06797        81       480    0.4085    0.3837    0.2036   0.04858   0.03381   0.02212  0.003463
   162/299     1.87G   0.02981    0.0404  0.002694   0.07291       108       480    0.2376    0.3828     0.217   0.05371   0.03122   0.02312  0.003444
   163/299     1.87G   0.03232   0.03055  0.002404   0.06528        61       480    0.2527    0.3437    0.2449   0.05566   0.03154   0.02276  0.003448
   164/299     1.87G   0.03083   0.03175  0.002513    0.0651        51       480    0.5432    0.3541    0.2654   0.07893   0.03111   0.02264  0.003438
   165/299     1.87G   0.03206   0.02905  0.002391    0.0635        99       480    0.2272    0.3137    0.2073   0.04652   0.03214   0.02215  0.003423
   166/299     1.87G   0.03227   0.03031  0.002466   0.06504       147       480    0.1647    0.4904    0.2669   0.07933   0.03039   0.02242  0.003424
   167/299     1.87G   0.02839   0.03473  0.002464   0.06558        98       480    0.1781    0.4922    0.2978   0.08999   0.03011   0.02252  0.003417
   168/299     1.87G   0.03158   0.03492  0.002493   0.06899       179       480    0.1425    0.3265    0.1415    0.0244   0.03453   0.02228   0.00337
   169/299     1.87G   0.03478   0.02996  0.002278   0.06701        95       480   0.08615    0.2128   0.08034   0.01995   0.03534    0.0218  0.003366
   170/299     1.87G   0.03649   0.03093  0.002474   0.06989       173       480    0.1042    0.1139   0.06279  0.008551   0.03646   0.02208  0.003372
   171/299     1.87G   0.03492   0.03081  0.003324   0.06906        99       480    0.7101    0.1918    0.1431    0.0277   0.03443   0.02456   0.00339
   172/299     1.87G   0.03138   0.03671  0.002701   0.07078       118       480    0.7273    0.2644     0.184   0.03846   0.03309   0.02365  0.003487
   173/299     1.87G   0.03266   0.03302  0.002738   0.06841       145       480    0.7738    0.2287    0.2213   0.06072   0.03116   0.02323  0.003457
   174/299     1.87G   0.03188   0.02944  0.003296   0.06462        72       480    0.4065    0.4462    0.2518   0.06791   0.03137   0.02292  0.003433
   175/299     1.87G   0.02952   0.02875  0.002334   0.06061       104       480     0.402    0.4841    0.2771   0.07989   0.03093   0.02274  0.003378
   176/299     1.87G   0.04822   0.03338  0.004119   0.08572        88       480    0.1984     0.484    0.2777   0.08175   0.03006   0.02288  0.003357
   177/299     1.87G    0.0307   0.03465   0.00222   0.06757       144       480    0.3088    0.4057    0.3012   0.08201   0.03163   0.02259  0.003381
   178/299     1.87G   0.03373   0.02837  0.002183   0.06429        54       480    0.1508    0.3337    0.2058   0.05179   0.03165   0.02404  0.003371
   179/299     1.87G   0.04467    0.0294  0.003729   0.07779       178       480    0.1667    0.4481    0.2682   0.07114   0.03108   0.02493  0.003337
   180/299     1.87G   0.02892   0.03443   0.01056   0.07392        29       480    0.3794    0.4068    0.3438    0.1026   0.03206   0.02304  0.003363
   181/299     1.87G   0.04173   0.03804  0.002447   0.08222       172       480    0.4738    0.3139    0.2149   0.03944   0.03424   0.02283  0.003299
   182/299     1.87G   0.03653   0.02756   0.00255   0.06665       181       480    0.5767    0.2956    0.2788   0.08196    0.0313   0.02315  0.003305
   183/299     1.87G   0.03035   0.03441  0.003579   0.06834        64       480    0.5792    0.4021    0.3609    0.1219   0.03061   0.02259  0.003316
   184/299     1.87G   0.03137   0.03054   0.00238   0.06429        76       480    0.5171    0.4834     0.323   0.09354   0.03007   0.02292  0.003317
   185/299     1.87G   0.03963   0.03155  0.003786   0.07497        94       480     0.349    0.2995     0.218   0.04976   0.03445   0.02166  0.003304
   186/299     1.87G   0.04082   0.02838  0.003019   0.07223       110       480    0.2719    0.4916    0.3147   0.09423   0.03044   0.02363  0.003286
   187/299     1.87G   0.04048   0.03388  0.005059   0.07941       201       480    0.3242    0.4917      0.33   0.09929   0.03025   0.02388  0.003251
   188/299     1.87G   0.02851   0.03337  0.002325    0.0642       132       480    0.3335    0.4751    0.3262    0.1142   0.03122   0.02235  0.003202
   189/299     1.87G   0.03046   0.03213  0.007239   0.06983        50       480    0.1721    0.4271    0.2608    0.0568   0.03178   0.02237  0.003176
   190/299     1.87G    0.0322   0.02944  0.002264    0.0639       163       480    0.5208    0.4791    0.3154   0.07819   0.03098   0.02217  0.003172
   191/299     1.87G   0.03961   0.03036  0.003559   0.07352        92       480    0.5486    0.4827    0.3366    0.1056   0.03068   0.02183  0.003186
   192/299     1.87G   0.03975   0.02809  0.002368   0.07021        41       480    0.5478     0.492    0.3136   0.08019    0.0308    0.0218  0.003202
   193/299     1.87G   0.03016   0.03105  0.002623   0.06383        89       480    0.5496    0.4599    0.3044   0.09792   0.03096   0.02176   0.00319
   194/299     1.87G   0.03014   0.03375  0.002764   0.06665       129       480    0.5591    0.4113    0.3741    0.1379   0.02957   0.02233  0.003172
   195/299     1.87G   0.03822   0.02939  0.002808   0.07042        92       480    0.6511    0.4267    0.3944    0.1338   0.02974   0.02233  0.003155
   196/299     1.87G   0.02865   0.03112  0.002556   0.06233       134       480    0.6409    0.4757    0.4193    0.1589   0.02938   0.02244  0.003145
   197/299     1.87G   0.03922   0.03447  0.006326   0.08002       136       480    0.5023     0.452    0.3651   0.07351   0.03231   0.02241  0.003241
   198/299     1.87G   0.03068   0.03165  0.002457   0.06479        82       480    0.4481    0.3544    0.2936   0.09273   0.03067   0.02276  0.003231
   199/299     1.87G    0.0498   0.03561   0.00365   0.08906       100       480    0.6477    0.3892    0.3481    0.1112    0.0304   0.02313  0.003243
   200/299     1.87G   0.02981   0.03296  0.002649   0.06541       106       480    0.4926     0.516    0.3005   0.08127   0.03122   0.02285  0.003115
   201/299     1.87G   0.04162   0.02933  0.003118   0.07407       126       480    0.1691    0.4943    0.2022   0.04913   0.03202   0.02282   0.00302
   202/299     1.87G   0.03261   0.03036  0.002311   0.06528       155       480    0.1868    0.6312    0.2915   0.08059   0.03067   0.02292  0.003032
   203/299     1.87G   0.03097    0.0283  0.002426   0.06169        80       480    0.1472    0.5827    0.2308   0.06917   0.03099   0.02275  0.003057
   204/299     1.87G   0.03107   0.03186  0.002221   0.06515       189       480    0.2376    0.5442    0.2459   0.05391   0.03173   0.02281  0.003079
   205/299     1.87G   0.05225   0.03208  0.002803   0.08713       184       480     0.211    0.3589    0.2083   0.05387   0.03197   0.02217  0.003108
   206/299     1.87G   0.03258   0.03009  0.001982   0.06465       201       480      0.25    0.5721    0.2876   0.07274    0.0303   0.02289  0.003093
   207/299     1.87G   0.03697   0.03387   0.00218   0.07302        48       480    0.2426    0.4312    0.2417   0.06955   0.03017   0.02278  0.003099
   208/299     1.87G   0.02913    0.0291  0.002479   0.06071        81       480    0.2371    0.6109    0.3152   0.07298   0.03002   0.02272  0.003143
   209/299     1.87G   0.03312   0.02974  0.002021   0.06488       120       480    0.1417    0.5348    0.1606    0.0325   0.03401   0.02175  0.003196
   210/299     1.87G   0.03139   0.03261  0.002314   0.06631        70       480    0.2085    0.6557    0.3093   0.07509   0.02961   0.02263  0.003164
   211/299     1.87G   0.04016    0.0299  0.002521   0.07258        96       480    0.2457    0.6029    0.3088   0.08321    0.0296   0.02257  0.003181
   212/299     1.87G   0.03039   0.02829  0.002467   0.06115       120       480    0.2817    0.5708    0.2956   0.09133   0.03023   0.02189  0.003181
   213/299     1.87G   0.05065   0.02718  0.002593   0.08042       193       480    0.1778    0.5496     0.188    0.0353   0.03335   0.02189  0.003194
   214/299     1.87G   0.04061   0.03706  0.002527   0.08019       107       480    0.2653      0.64    0.3244   0.09611   0.02937   0.02191  0.003158
   215/299     1.87G   0.03604   0.03342  0.002577   0.07203        80       480    0.2323    0.5602    0.2803   0.08771   0.03006   0.02171  0.003138
   216/299     1.87G   0.02897     0.033  0.002268   0.06424       125       480    0.4926    0.4903    0.3069   0.09163   0.02944   0.02265   0.00312
   217/299     1.87G   0.04732   0.03393  0.002541   0.08379        61       480    0.1908    0.6519     0.309   0.09428   0.03018   0.02345  0.003112
   218/299     1.87G   0.02859   0.03407  0.002354   0.06501       168       480    0.1804    0.6614    0.2961   0.06783    0.0295   0.02376  0.003109
   219/299     1.87G   0.02796   0.03263  0.002228   0.06282        73       480    0.2376    0.4872    0.3008   0.07833   0.02926    0.0235  0.003112
   220/299     1.87G   0.03133   0.02812  0.002213   0.06166       148       480     0.223    0.5146    0.2771   0.08955   0.02941   0.02288  0.003087
   221/299     1.87G   0.02991   0.03265  0.003516   0.06607        38       480    0.4494    0.4896    0.2793    0.0807   0.03007   0.02246  0.003053
   222/299     1.87G   0.02686   0.03363  0.001853   0.06234        67       480     0.199    0.5978    0.3063   0.09404    0.0291   0.02263  0.003061
   223/299     1.87G   0.03747   0.03342  0.006429   0.07731       147       480    0.4807    0.4968    0.3067    0.1042   0.02957   0.02205  0.003051
   224/299     1.87G   0.05086   0.03217  0.005255   0.08828        27       480    0.2027    0.6251    0.3402    0.1141    0.0299    0.0216   0.00301
   225/299     1.87G   0.02777   0.03064  0.009779   0.06819        46       480    0.2142    0.6377    0.3403    0.1254   0.02931   0.02152  0.002952
   226/299     1.87G   0.03979   0.03164  0.003074   0.07451        94       480    0.2052    0.6323     0.336    0.1056   0.03046   0.02129   0.00293
   227/299     1.87G   0.03866   0.02997  0.003841   0.07247        65       480    0.2155    0.6491    0.3652     0.134   0.02914   0.02146  0.002916
   228/299     1.87G   0.02723   0.03027  0.002329   0.05983        71       480    0.5731    0.5061    0.3567    0.1199   0.02957   0.02152  0.002866
   229/299     1.87G   0.03731    0.0296  0.002631   0.06954        96       480    0.5687    0.4885    0.3448    0.1208   0.02893   0.02157  0.002838
   230/299     1.87G   0.02945   0.03228  0.002353   0.06408        76       480     0.218    0.6139    0.3251    0.1074   0.03037   0.02116  0.002834
   231/299     1.87G   0.02849   0.03135  0.001823   0.06166       120       480    0.5309    0.4721     0.367    0.1209   0.02927   0.02148  0.002807
   232/299     1.87G   0.03907   0.03219  0.002834    0.0741        83       480    0.5164    0.4795    0.3335   0.09371     0.031   0.02137   0.00277
   233/299     1.87G   0.02744   0.03375  0.002229   0.06342        95       480    0.6067    0.4857    0.3805    0.1244    0.0287   0.02166  0.002763
   234/299     1.87G   0.02712   0.03705  0.002077   0.06625        48       480    0.5974    0.5192    0.3815     0.129   0.02914   0.02165  0.002757
   235/299     1.87G    0.0373   0.03347  0.009248   0.08001       157       480    0.6022    0.5277    0.3919    0.1372   0.02922   0.02196  0.002747
   236/299     1.87G   0.03102    0.0305   0.00182   0.06335       154       480    0.4883    0.4289    0.3255    0.1055    0.0312     0.022  0.002766
   237/299     1.87G   0.04248   0.02888  0.005155   0.07652        77       480    0.5649    0.4837    0.3816    0.1007   0.03031   0.02198  0.002763
   238/299     1.87G   0.04028   0.03076  0.002177   0.07321       176       480    0.6126    0.5165    0.3968    0.1425   0.02955   0.02189  0.002795
   239/299     1.87G   0.02779   0.03294  0.002009   0.06274        85       480     0.624    0.4579    0.3845    0.1523   0.02895   0.02176  0.002813
   240/299     1.87G   0.02855   0.03212  0.001921   0.06259       134       480    0.5134    0.4895    0.3436    0.1041   0.03077   0.02115   0.00285
   241/299     1.87G   0.03003   0.02635  0.001844   0.05822        87       480    0.3194    0.6648    0.4163    0.1581   0.02908   0.02126  0.002857
   242/299     1.87G   0.03789   0.02987  0.002156   0.06991       160       480    0.3152    0.6612    0.4169    0.1505   0.02958   0.02089  0.002879
   243/299     1.87G   0.02882   0.03045   0.00191   0.06119       128       480    0.3559    0.6507    0.4065    0.1495   0.02971   0.02092   0.00289
   244/299     1.87G   0.03841   0.02911  0.001933   0.06946       123       480    0.3391    0.6371    0.3832    0.1416    0.0298   0.02089  0.002885
   245/299     1.87G   0.03876   0.03155  0.001922   0.07223        60       480    0.4119    0.5708    0.3866    0.1304   0.03002   0.02094  0.002895
   246/299     1.87G   0.02845   0.02645  0.002012   0.05691       114       480     0.431    0.5833    0.3929    0.1346   0.02952   0.02127  0.002922
   247/299     1.87G    0.0286   0.03471   0.00184   0.06515        44       480    0.3222    0.6739    0.4119    0.1423   0.02878   0.02118  0.002914
   248/299     1.87G   0.03851    0.0335  0.002248   0.07425       192       480    0.5603    0.4695    0.3963    0.1409   0.02904   0.02134  0.002879
   249/299     1.87G   0.03713   0.03683  0.002279   0.07624       110       480    0.6516    0.4774    0.4235    0.1501   0.02856   0.02154  0.002854
   250/299     1.87G   0.02971   0.02954  0.002199   0.06145       110       480    0.5713    0.4677    0.3998    0.1393   0.02899   0.02134  0.002835
   251/299     1.87G   0.03884   0.02947  0.001892    0.0702       158       480    0.5733    0.4623    0.3988     0.142   0.02905   0.02137  0.002839
   252/299     1.87G   0.04119   0.02901  0.001914   0.07212       193       480    0.3717    0.5816    0.4041     0.141   0.02895   0.02126  0.002813
   253/299     1.87G   0.02936   0.02921  0.003257   0.06182        66       480    0.4024    0.6075    0.4293    0.1369   0.02883   0.02146    0.0028
   254/299     1.87G    0.0276   0.03391  0.002063   0.06357        77       480    0.3881    0.5902    0.4106    0.1483   0.02842    0.0215  0.002797
   255/299     1.87G   0.03988   0.02652  0.002009   0.06841       175       480    0.3241    0.6514     0.408    0.1438   0.02928   0.02117  0.002789
   256/299     1.87G   0.02905   0.02848  0.001808   0.05935       149       480    0.3923    0.6577    0.4356    0.1638   0.02841   0.02146  0.002799
   257/299     1.87G    0.0281   0.02783  0.001845   0.05778       111       480    0.3406    0.6156    0.4126    0.1451      0.03   0.02095  0.002803
   258/299     1.87G   0.04964     0.034  0.001958    0.0856       178       480    0.3509    0.6392    0.4509    0.1741   0.02894   0.02116  0.002799
   259/299     1.87G   0.03131   0.02965   0.00162   0.06258        15       480    0.3359    0.6361    0.4266    0.1538   0.02931   0.02115  0.002812
   260/299     1.87G   0.02733   0.03572  0.002295   0.06534       105       480    0.3801    0.6539    0.4346    0.1675   0.02893   0.02102  0.002781
   261/299     1.87G   0.02866   0.02906  0.003266   0.06098        64       480    0.3357    0.6544    0.4335    0.1815   0.02854   0.02107  0.002761
   262/299     1.87G     0.039   0.03057  0.005959   0.07553        83       480     0.322    0.6356    0.3952    0.1575   0.02927   0.02087  0.002759
   263/299     1.87G    0.0284   0.03175  0.001875   0.06202       128       480    0.3185    0.6362    0.3906     0.144   0.02981   0.02077  0.002744
   264/299     1.87G   0.02753   0.03589  0.001903   0.06533        96       480    0.3498    0.6533    0.4326    0.1707   0.02857   0.02104  0.002695
   265/299     1.87G   0.02905    0.0324  0.001974   0.06342       229       480    0.3017    0.6485    0.4151    0.1586   0.02969   0.02098  0.002666
   266/299     1.87G    0.0475   0.03268  0.001969   0.08214       133       480    0.4037    0.5852    0.4335    0.1576   0.02854   0.02143  0.002618
   267/299     1.87G   0.02857   0.02922  0.001876   0.05966       112       480    0.6323    0.5171    0.4252     0.153   0.02878   0.02173  0.002584
   268/299     1.87G   0.02708   0.02798  0.001891   0.05695        48       480    0.2854    0.5612    0.3771    0.1297    0.0298   0.02151  0.002546
   269/299     1.87G   0.02759   0.03453  0.001851   0.06397       144       480    0.3462    0.5812    0.4062    0.1311   0.02865   0.02204  0.002535
   270/299     1.87G    0.0315   0.02875   0.00179   0.06204       141       480    0.3701    0.5823    0.4209    0.1522   0.02845   0.02189  0.002534
   271/299     1.87G   0.03768    0.0327  0.002172   0.07255        85       480    0.5263    0.4525    0.3838     0.143   0.02912   0.02168  0.002536
   272/299     1.87G    0.0272   0.03601  0.001986    0.0652        59       480    0.3429    0.5687    0.3705    0.1156   0.03006   0.02134  0.002557
   273/299     1.87G   0.02722   0.03129  0.001845   0.06035       115       480    0.4622    0.5778     0.436    0.1742   0.02884   0.02103  0.002557
   274/299     1.87G   0.02968   0.03236  0.001634   0.06368       150       480    0.4557    0.5808    0.4401    0.1697   0.02864   0.02099  0.002566
   275/299     1.87G    0.0381   0.02952  0.007973    0.0756       119       480     0.394    0.5707    0.4265    0.1493   0.02951   0.02109  0.002581
   276/299     1.87G   0.02992   0.03061  0.001982   0.06252       111       480    0.4485    0.5796    0.4415    0.1715   0.02877   0.02097  0.002579
   277/299     1.87G   0.02582   0.03089  0.007355   0.06407        38       480    0.4096    0.5674    0.4339    0.1588   0.02904   0.02093  0.002568
   278/299     1.87G   0.02779   0.03097   0.00302   0.06179       113       480    0.3654    0.5548    0.4129    0.1232   0.02998   0.02097  0.002582
   279/299     1.87G   0.04686   0.03038  0.002428   0.07966        42       480    0.3416     0.656    0.4281    0.1497   0.02892   0.02089  0.002586
   280/299     1.87G   0.04737   0.03391   0.01021   0.09148       139       480    0.4599    0.5713    0.4577    0.1798   0.02859   0.02083  0.002605
   281/299     1.87G   0.02998   0.02816   0.00187   0.06001       195       480     0.339    0.6446    0.4302     0.137   0.02975   0.02083  0.002595
   282/299     1.87G   0.04959    0.0293  0.006411   0.08531       184       480    0.4534    0.5796    0.4571    0.1736   0.02874   0.02089  0.002613
   283/299     1.87G   0.02972    0.0263  0.002032   0.05805       122       480    0.4415    0.5748    0.4594    0.1684   0.02917   0.02105  0.002636
   284/299     1.87G   0.03637   0.03069  0.001958   0.06902        58       480    0.4275    0.5805    0.4606    0.1762   0.02886   0.02105  0.002666
   285/299     1.87G   0.02765     0.029  0.002486   0.05913       100       480    0.4467    0.5866    0.4933    0.1979   0.02823   0.02115  0.002648
   286/299     1.87G   0.02848   0.03483  0.001992   0.06531       112       480    0.6533    0.4848    0.4644    0.1731   0.02991    0.0209  0.002637
   287/299     1.87G   0.03836   0.03131   0.00178   0.07145       162       480    0.7162    0.4845     0.476    0.1736    0.0295   0.02097  0.002637
   288/299     1.87G   0.02935   0.03125  0.001595    0.0622       140       480      0.72    0.4904    0.4928    0.1903   0.02887   0.02092  0.002603
   289/299     1.87G   0.03759   0.03224   0.00203   0.07187       105       480    0.6951    0.4818    0.4682    0.1591   0.03008   0.02081  0.002608
   290/299     1.87G   0.02971   0.02941  0.002432   0.06155       154       480    0.7141    0.4928    0.4961    0.1942   0.02905   0.02089  0.002603
   291/299     1.87G   0.02559   0.03002  0.002225   0.05784        66       480    0.7203    0.5031    0.4993    0.2006   0.02884   0.02097  0.002598
   292/299     1.87G    0.0263   0.03444   0.00196   0.06269        92       480    0.7193    0.4947    0.4951    0.2066   0.02938    0.0211  0.002634
   293/299     1.87G   0.02861   0.03143  0.001815   0.06185       131       480    0.7186    0.4851    0.4895     0.179   0.02956   0.02099  0.002646
   294/299     1.87G   0.02705   0.03263  0.002121    0.0618        63       480    0.7378    0.5051    0.5098    0.2197    0.0283   0.02092  0.002632
   295/299     1.87G   0.02738   0.03094  0.001995   0.06031        92       480    0.7328    0.4989    0.5048    0.2248   0.02876   0.02096  0.002672
   296/299     1.87G   0.02797   0.03341   0.00167   0.06305       160       480    0.7328    0.5048    0.5044    0.2054   0.02897   0.02086  0.002671
   297/299     1.87G   0.03954   0.02857   0.00194   0.07005       152       480    0.7337    0.5051    0.5045    0.2103   0.02926   0.02089  0.002653
   298/299     1.87G   0.02734   0.03152  0.002075   0.06093        32       480    0.7402    0.5059    0.5112    0.2142   0.02861   0.02089  0.002625
   299/299     1.87G   0.02827   0.03028  0.002371   0.06092        52       480    0.7311    0.5038    0.4961    0.2063   0.02916   0.02107  0.002614
