1 0.18949536560247168 0.260989010989011 0.01132852729145211 0.017170329670329672
1 0.19979402677651906 0.25892857142857145 0.01184346035015448 0.017170329670329672
1 0.2255406797116375 0.25961538461538464 0.01132852729145211 0.017857142857142856
1 0.23583934088568487 0.25892857142857145 0.009268795056642637 0.017857142857142856
1 0.2615859938208033 0.25961538461538464 0.01132852729145211 0.018543956043956044
1 0.27188465499485065 0.25892857142857145 0.01132852729145211 0.017857142857142856
1 0.2981462409886715 0.25892857142857145 0.012873326467559218 0.017170329670329672
1 0.309989701338826 0.25892857142857145 0.01132852729145211 0.017857142857142856
1 0.33779608650875387 0.25961538461538464 0.01184346035015448 0.018543956043956044
1 0.34809474768280124 0.25892857142857145 0.01184346035015448 0.017170329670329672
1 0.37538619979402676 0.25824175824175827 0.012873326467559218 0.019917582417582416
1 0.388259526261586 0.25824175824175827 0.013388259526261586 0.017170329670329672
1 0.4155509783728115 0.25824175824175827 0.014418125643666324 0.017857142857142856
1 0.4279093717816684 0.25755494505494503 0.012358393408856848 0.017857142857142856
1 0.4557157569515963 0.25892857142857145 0.013388259526261586 0.018543956043956044
1 0.466529351184346 0.25824175824175827 0.01184346035015448 0.017170329670329672
1 0.49536560247167866 0.25824175824175827 0.013903192584963954 0.017857142857142856
1 0.5077239958805355 0.25755494505494503 0.01132852729145211 0.017857142857142856
1 0.5370751802265705 0.25961538461538464 0.012358393408856848 0.019917582417582416
1 0.547373841400618 0.25824175824175827 0.013388259526261586 0.017857142857142856
1 0.5973223480947477 0.25892857142857145 0.012873326467559218 0.018543956043956044
1 0.6086508753861998 0.25892857142857145 0.012358393408856848 0.019230769230769232
1 0.63697219361483 0.2603021978021978 0.013388259526261586 0.019917582417582416
1 0.649330587023687 0.260989010989011 0.01184346035015448 0.017170329670329672
1 0.67610710607621 0.2603021978021978 0.013388259526261586 0.019917582417582416
1 0.6879505664263645 0.2616758241758242 0.013388259526261586 0.017170329670329672
1 0.7152420185375901 0.2623626373626374 0.012358393408856848 0.019917582417582416
1 0.7270854788877446 0.2623626373626374 0.012873326467559218 0.018543956043956044
1 0.7533470648815654 0.26373626373626374 0.012873326467559218 0.020604395604395604
1 0.7646755921730175 0.26373626373626374 0.01184346035015448 0.017857142857142856
1 0.7909371781668383 0.2664835164835165 0.012358393408856848 0.019230769230769232
1 0.8022657054582905 0.2657967032967033 0.01132852729145211 0.017857142857142856
1 0.8285272914521112 0.26785714285714285 0.01132852729145211 0.020604395604395604
1 0.8388259526261586 0.26854395604395603 0.012873326467559218 0.017857142857142856
1 0.8635427394438723 0.2699175824175824 0.01132852729145211 0.018543956043956044
1 0.8738414006179197 0.2699175824175824 0.010813594232749742 0.019230769230769232
1 0.8985581874356333 0.27266483516483514 0.009783728115345005 0.018543956043956044
1 0.9083419155509783 0.2733516483516483 0.010298661174047374 0.019230769230769232
1 0.931513903192585 0.27472527472527475 0.01132852729145211 0.018543956043956044
1 0.9423274974253347 0.27472527472527475 0.01132852729145211 0.018543956043956044
1 0.9835221421215242 0.11401098901098901 0.01132852729145211 0.017857142857142856
1 0.9042224510813595 0.10164835164835165 0.01184346035015448 0.01510989010989011
1 0.870236869207003 0.09821428571428571 0.013388259526261586 0.020604395604395604
1 0.7440782698249228 0.08585164835164835 0.013388259526261586 0.017170329670329672
1 0.7049433573635427 0.0831043956043956 0.013388259526261586 0.017857142857142856
1 0.6091658084449022 0.07623626373626374 0.01184346035015448 0.017857142857142856
1 0.5690010298661174 0.07760989010989011 0.014418125643666324 0.018543956043956044
2 0.2451081359423275 0.08104395604395605 0.016992790937178166 0.020604395604395604
1 0.01132852729145211 0.15796703296703296 0.012358393408856848 0.015796703296703296