2 0.8175757575757576 0.062197092084006464 0.015151515151515152 0.01938610662358643
1 0.8818181818181818 0.2730210016155089 0.012121212121212121 0.016962843295638127
1 0.8696969696969697 0.2730210016155089 0.013333333333333334 0.017770597738287562
1 0.84 0.27221324717285944 0.012121212121212121 0.01615508885298869
1 0.8284848484848485 0.27221324717285944 0.012121212121212121 0.016962843295638127
1 0.796969696969697 0.2730210016155089 0.012121212121212121 0.017770597738287562
1 0.7854545454545454 0.27140549273021003 0.012727272727272728 0.017770597738287562
1 0.7533333333333333 0.27059773828756056 0.013333333333333334 0.017770597738287562
1 0.7412121212121212 0.27140549273021003 0.012121212121212121 0.017770597738287562
1 0.7090909090909091 0.27059773828756056 0.013333333333333334 0.017770597738287562
1 0.6963636363636364 0.27059773828756056 0.012727272727272728 0.018578352180936994
1 0.6624242424242425 0.26978998384491115 0.012727272727272728 0.017770597738287562
1 0.6496969696969697 0.26978998384491115 0.013333333333333334 0.017770597738287562
1 0.6163636363636363 0.27059773828756056 0.013333333333333334 0.018578352180936994
1 0.6036363636363636 0.2689822294022617 0.013333333333333334 0.017770597738287562
1 0.5690909090909091 0.26978998384491115 0.013939393939393939 0.018578352180936994
1 0.556969696969697 0.2689822294022617 0.013333333333333334 0.017770597738287562
1 0.5224242424242425 0.26978998384491115 0.013333333333333334 0.018578352180936994
1 0.5103030303030303 0.26978998384491115 0.013333333333333334 0.017770597738287562
1 0.47515151515151516 0.26978998384491115 0.013333333333333334 0.018578352180936994
1 0.4624242424242424 0.26978998384491115 0.013333333333333334 0.017770597738287562
1 0.4018181818181818 0.27059773828756056 0.013333333333333334 0.017770597738287562
1 0.3903030303030303 0.2689822294022617 0.013333333333333334 0.017770597738287562
1 0.3563636363636364 0.27059773828756056 0.013939393939393939 0.01938610662358643
1 0.34363636363636363 0.27140549273021003 0.013333333333333334 0.017770597738287562
1 0.3090909090909091 0.27221324717285944 0.013939393939393939 0.01938610662358643
1 0.296969696969697 0.2730210016155089 0.013939393939393939 0.01938610662358643
1 0.2636363636363636 0.2730210016155089 0.014545454545454545 0.01938610662358643
1 0.2509090909090909 0.2738287560581583 0.013939393939393939 0.018578352180936994
1 0.21818181818181817 0.2754442649434572 0.013333333333333334 0.018578352180936994
1 0.20606060606060606 0.2770597738287561 0.013333333333333334 0.017770597738287562
1 0.17393939393939395 0.2778675282714055 0.012727272727272728 0.016962843295638127
1 0.16242424242424242 0.2778675282714055 0.011515151515151515 0.016962843295638127
1 0.13090909090909092 0.28109854604200324 0.01090909090909091 0.016962843295638127
1 0.11878787878787879 0.28109854604200324 0.012121212121212121 0.01615508885298869
1 0.08848484848484849 0.2827140549273021 0.012727272727272728 0.016962843295638127
1 0.07636363636363637 0.2827140549273021 0.012727272727272728 0.01615508885298869
1 0.04727272727272727 0.2851373182552504 0.012121212121212121 0.017770597738287562
1 0.03636363636363636 0.2867528271405493 0.012121212121212121 0.016962843295638127
1 0.00787878787878788 0.2875605815831987 0.01090909090909091 0.015347334410339256
1 0.04 0.08481421647819062 0.01090909090909091 0.015347334410339256
1 0.08121212121212121 0.08077544426494346 0.011515151515151515 0.01615508885298869
3 0.12424242424242424 0.12924071082390953 0.022424242424242423 0.022617124394184167
0 0.18787878787878787 0.12277867528271405 0.017575757575757574 0.01615508885298869
1 0.23030303030303031 0.06623586429725363 0.011515151515151515 0.014539579967689823
1 0.27515151515151515 0.06381260096930533 0.012121212121212121 0.017770597738287562
1 0.3890909090909091 0.05735056542810985 0.012121212121212121 0.01615508885298869
1 0.43575757575757573 0.05735056542810985 0.013333333333333334 0.017770597738287562
3 0.48363636363636364 0.11147011308562198 0.02303030303030303 0.02665589660743134