1 0.10852272727272727 0.8053030303030303 0.0125 0.01893939393939394
1 0.11988636363636364 0.8075757575757576 0.013068181818181817 0.01893939393939394
1 0.14829545454545454 0.8068181818181818 0.0125 0.019696969696969695
1 0.15965909090909092 0.8075757575757576 0.010227272727272727 0.019696969696969695
1 0.18806818181818183 0.8068181818181818 0.0125 0.020454545454545454
1 0.19943181818181818 0.8075757575757576 0.0125 0.019696969696969695
1 0.22840909090909092 0.8075757575757576 0.014204545454545454 0.01893939393939394
1 0.24147727272727273 0.8075757575757576 0.0125 0.019696969696969695
1 0.2721590909090909 0.8068181818181818 0.013068181818181817 0.020454545454545454
1 0.28352272727272726 0.8075757575757576 0.013068181818181817 0.01893939393939394
1 0.31363636363636366 0.8083333333333333 0.014204545454545454 0.02196969696969697
1 0.32784090909090907 0.8083333333333333 0.014772727272727272 0.01893939393939394
1 0.35795454545454547 0.8083333333333333 0.015909090909090907 0.019696969696969695
1 0.3715909090909091 0.8090909090909091 0.013636363636363636 0.019696969696969695
1 0.4022727272727273 0.8075757575757576 0.014772727272727272 0.020454545454545454
1 0.41420454545454544 0.8083333333333333 0.013068181818181817 0.01893939393939394
1 0.4460227272727273 0.8083333333333333 0.01534090909090909 0.019696969696969695
1 0.4596590909090909 0.8090909090909091 0.0125 0.019696969696969695
1 0.49204545454545456 0.8068181818181818 0.013636363636363636 0.02196969696969697
1 0.5034090909090909 0.8083333333333333 0.014772727272727272 0.019696969696969695
1 0.5585227272727272 0.8075757575757576 0.014204545454545454 0.020454545454545454
1 0.5710227272727273 0.8075757575757576 0.013636363636363636 0.021212121212121213
1 0.6022727272727273 0.806060606060606 0.014772727272727272 0.02196969696969697
1 0.615909090909091 0.8053030303030303 0.013068181818181817 0.01893939393939394
1 0.6454545454545455 0.806060606060606 0.014772727272727272 0.02196969696969697
1 0.6585227272727273 0.8045454545454546 0.014772727272727272 0.01893939393939394
1 0.6886363636363636 0.8037878787878788 0.013636363636363636 0.02196969696969697
1 0.7017045454545454 0.8037878787878788 0.014204545454545454 0.020454545454545454
1 0.7306818181818182 0.8022727272727272 0.014204545454545454 0.022727272727272728
1 0.7431818181818182 0.8022727272727272 0.013068181818181817 0.019696969696969695
1 0.772159090909091 0.7992424242424242 0.013636363636363636 0.021212121212121213
1 0.7846590909090909 0.8 0.0125 0.019696969696969695
1 0.8136363636363636 0.7977272727272727 0.0125 0.022727272727272728
1 0.825 0.796969696969697 0.014204545454545454 0.019696969696969695
1 0.8522727272727273 0.7954545454545454 0.0125 0.020454545454545454
1 0.8636363636363636 0.7954545454545454 0.011931818181818182 0.021212121212121213
1 0.8909090909090909 0.7924242424242425 0.010795454545454546 0.020454545454545454
1 0.9017045454545455 0.7916666666666666 0.011363636363636364 0.021212121212121213
1 0.9272727272727272 0.7901515151515152 0.0125 0.020454545454545454
1 0.9392045454545455 0.7901515151515152 0.0125 0.020454545454545454
1 0.9846590909090909 0.9674242424242424 0.0125 0.019696969696969695
1 0.897159090909091 0.9810606060606061 0.013068181818181817 0.016666666666666666
1 0.8596590909090909 0.9848484848484849 0.014772727272727272 0.022727272727272728
1 0.7210227272727273 0.9939393939393939 0.015909090909090907 0.010606060606060607
1 0.6778409090909091 0.9950757575757576 0.015909090909090907 0.008333333333333333
2 0.17017045454545454 0.9954545454545455 0.019886363636363636 0.007575757575757576