0 0.17083854818523153 0.04006677796327212 0.013141426783479349 0.027545909849749584
1 0.1295369211514393 0.09891485809682804 0.008760951188986232 0.020868113522537562
1 0.12922403003754693 0.15984974958263773 0.008135168961201502 0.022537562604340568
2 0.12891113892365458 0.9069282136894825 0.007509386733416771 0.022537562604340568
1 0.2862953692115144 0.9929048414023373 0.015644555694618274 0.012520868113522538
1 0.285982478097622 0.9799666110183639 0.015018773466833541 0.017529215358931552
1 0.28660826032540676 0.9398998330550918 0.014392991239048811 0.018363939899833055
1 0.2853566958698373 0.9223706176961602 0.015018773466833541 0.018363939899833055
1 0.285982478097622 0.8797996661101837 0.016270337922403004 0.019198664440734557
1 0.285982478097622 0.8631051752921536 0.014392991239048811 0.019198664440734557
1 0.2853566958698373 0.8196994991652755 0.016270337922403004 0.02003338898163606
1 0.28473091364205255 0.8021702838063439 0.015644555694618274 0.018363939899833055
1 0.28410513141426785 0.7570951585976627 0.015018773466833541 0.019198664440734557
1 0.2834793491864831 0.7404006677796328 0.01376720901126408 0.018363939899833055
1 0.28410513141426785 0.6936560934891486 0.015644555694618274 0.019198664440734557
1 0.2834793491864831 0.676126878130217 0.015018773466833541 0.021702838063439065
1 0.2834793491864831 0.6310517529215359 0.015018773466833541 0.019198664440734557
1 0.28410513141426785 0.6135225375626043 0.014392991239048811 0.02003338898163606
1 0.28473091364205255 0.5667779632721202 0.016270337922403004 0.018363939899833055
1 0.2834793491864831 0.5475792988313857 0.015018773466833541 0.018363939899833055
1 0.28473091364205255 0.501669449081803 0.015644555694618274 0.021702838063439065
1 0.2834793491864831 0.48330550918196996 0.015018773466833541 0.020868113522537562
1 0.28473091364205255 0.4357262103505843 0.016270337922403004 0.020868113522537562
1 0.28410513141426785 0.41819699499165275 0.014392991239048811 0.021702838063439065
1 0.28473091364205255 0.337228714524207 0.016270337922403004 0.020868113522537562
1 0.28410513141426785 0.31886477462437396 0.015018773466833541 0.021702838063439065
1 0.2853566958698373 0.27295492487479134 0.016896120150187734 0.020868113522537562
1 0.28473091364205255 0.25459098497495825 0.015018773466833541 0.02003338898163606
1 0.285982478097622 0.20868113522537562 0.015018773466833541 0.020868113522537562
1 0.2853566958698373 0.19031719532554256 0.015018773466833541 0.021702838063439065
1 0.28660826032540676 0.14440734557595994 0.016270337922403004 0.020868113522537562
1 0.28660826032540676 0.12771285475792987 0.015644555694618274 0.02003338898163606
1 0.28911138923654567 0.08263772954924875 0.016270337922403004 0.02003338898163606
1 0.28911138923654567 0.0651085141903172 0.014392991239048811 0.020868113522537562
1 0.2903629536921151 0.021702838063439065 0.016270337922403004 0.019198664440734557
1 0.2906758448060075 0.0070951585976627716 0.015644555694618274 0.014190317195325543