2 0.1834763948497854 0.15808297567954221 0.013948497854077254 0.0178826895565093
1 0.3240343347639485 0.08369098712446352 0.012339055793991416 0.015736766809728183
1 0.32349785407725323 0.09656652360515021 0.011266094420600859 0.01430615164520744
1 0.32349785407725323 0.1323319027181688 0.012875536480686695 0.015736766809728183
1 0.3229613733905579 0.1459227467811159 0.012875536480686695 0.016452074391988557
1 0.3229613733905579 0.18168812589413447 0.012875536480686695 0.0178826895565093
1 0.32349785407725323 0.19670958512160228 0.012339055793991416 0.015021459227467811
1 0.3229613733905579 0.23390557939914164 0.012339055793991416 0.015021459227467811
1 0.3229613733905579 0.24821173104434907 0.011802575107296138 0.017167381974248927
1 0.3218884120171674 0.2875536480686695 0.013948497854077254 0.017167381974248927
1 0.3218884120171674 0.30185979971387694 0.012339055793991416 0.015736766809728183
1 0.32135193133047213 0.34120171673819744 0.012875536480686695 0.015736766809728183
1 0.3218884120171674 0.3569384835479256 0.012875536480686695 0.016452074391988557
1 0.32135193133047213 0.3955650929899857 0.013948497854077254 0.01859799713876967
1 0.32135193133047213 0.4105865522174535 0.012875536480686695 0.0178826895565093
1 0.32242489270386265 0.4520743919885551 0.013948497854077254 0.016452074391988557
1 0.32242489270386265 0.4670958512160229 0.013412017167381975 0.0178826895565093
1 0.3218884120171674 0.5064377682403434 0.013948497854077254 0.017167381974248927
1 0.3218884120171674 0.5221745350500715 0.013948497854077254 0.0178826895565093
1 0.3218884120171674 0.5629470672389127 0.013948497854077254 0.01859799713876967
1 0.3218884120171674 0.5786838340486409 0.013948497854077254 0.0178826895565093
1 0.32242489270386265 0.6473533619456366 0.013948497854077254 0.01859799713876967
1 0.32242489270386265 0.6630901287553648 0.013948497854077254 0.01859799713876967
1 0.32242489270386265 0.7017167381974249 0.013412017167381975 0.01859799713876967
1 0.3229613733905579 0.7181688125894135 0.012339055793991416 0.01430615164520744
1 0.32349785407725323 0.7582260371959942 0.013948497854077254 0.017167381974248927
1 0.3240343347639485 0.7732474964234621 0.012339055793991416 0.016452074391988557
1 0.3251072961373391 0.8118741058655222 0.012339055793991416 0.016452074391988557
1 0.32457081545064376 0.82689556509299 0.012339055793991416 0.0178826895565093
1 0.32564377682403434 0.8648068669527897 0.013412017167381975 0.0178826895565093
1 0.3261802575107296 0.8805436337625179 0.013948497854077254 0.01859799713876967
1 0.3272532188841202 0.9177396280400573 0.014484978540772532 0.0178826895565093
1 0.3272532188841202 0.9320457796852647 0.014484978540772532 0.0178826895565093
1 0.3293991416309013 0.969241773962804 0.013948497854077254 0.016452074391988557
1 0.3283261802575107 0.9828326180257511 0.013412017167381975 0.016452074391988557
0 0.22532188841201717 0.902002861230329 0.0101931330472103 0.020028612303290415
1 0.18723175965665237 0.851931330472103 0.011802575107296138 0.015021459227467811
1 0.18508583690987124 0.7982832618025751 0.015021459227467811 0.017167381974248927
1 0.1813304721030043 0.6638054363376252 0.011802575107296138 0.015736766809728183
1 0.18025751072961374 0.6094420600858369 0.013412017167381975 0.01859799713876967