1 0.006885593220338983 0.8072033898305084 0.010063559322033898 0.014124293785310734
3 0.0060911016949152545 0.7171610169491526 0.011122881355932203 0.016242937853107344
1 0.0060911016949152545 0.7033898305084746 0.011122881355932203 0.014124293785310734
2 0.24470338983050846 0.885593220338983 0.015889830508474576 0.0211864406779661
1 0.5783898305084746 0.8898305084745762 0.013241525423728813 0.0211864406779661
1 0.6191737288135594 0.8905367231638418 0.012711864406779662 0.01765536723163842
1 0.71875 0.8848870056497176 0.015889830508474576 0.023305084745762712
1 0.7579449152542372 0.8820621468926554 0.013771186440677966 0.0211864406779661
1 0.8882415254237288 0.8700564971751412 0.013771186440677966 0.0211864406779661
1 0.923728813559322 0.867231638418079 0.011652542372881356 0.018361581920903956
0 0.7955508474576272 0.8326271186440678 0.018008474576271187 0.012711864406779662
1 0.1885593220338983 0.702683615819209 0.012182203389830509 0.019067796610169493
1 0.1996822033898305 0.7019774011299436 0.011652542372881356 0.01694915254237288
1 0.225635593220339 0.7019774011299436 0.012711864406779662 0.01765536723163842
1 0.23622881355932204 0.7033898305084746 0.011122881355932203 0.016242937853107344
1 0.2627118644067797 0.702683615819209 0.013771186440677966 0.018361581920903956
1 0.2738347457627119 0.7033898305084746 0.013771186440677966 0.018361581920903956
1 0.2997881355932203 0.7033898305084746 0.015360169491525424 0.020480225988700564
1 0.3119703389830508 0.7033898305084746 0.012182203389830509 0.01977401129943503
1 0.3405720338983051 0.7040960451977402 0.013771186440677966 0.0211864406779661
1 0.3516949152542373 0.7033898305084746 0.013771186440677966 0.019067796610169493
1 0.3808262711864407 0.7033898305084746 0.014830508474576272 0.01977401129943503
1 0.392478813559322 0.7048022598870056 0.01641949152542373 0.020480225988700564
1 0.420021186440678 0.7062146892655368 0.015360169491525424 0.0211864406779661
1 0.4327330508474576 0.7055084745762712 0.015360169491525424 0.0211864406779661
1 0.4608050847457627 0.7048022598870056 0.014300847457627119 0.022598870056497175
1 0.4724576271186441 0.7040960451977402 0.013241525423728813 0.020480225988700564
1 0.5026483050847458 0.7062146892655368 0.015889830508474576 0.0211864406779661
1 0.5143008474576272 0.7048022598870056 0.013771186440677966 0.01694915254237288
1 0.5439618644067796 0.7040960451977402 0.013771186440677966 0.022598870056497175
1 0.5561440677966102 0.7040960451977402 0.015360169491525424 0.018361581920903956
1 0.6069915254237288 0.702683615819209 0.015360169491525424 0.0211864406779661
1 0.6197033898305084 0.7033898305084746 0.015889830508474576 0.01765536723163842
1 0.6477754237288136 0.7033898305084746 0.015360169491525424 0.019067796610169493
1 0.659957627118644 0.7040960451977402 0.015889830508474576 0.018361581920903956
1 0.6880296610169492 0.701271186440678 0.013241525423728813 0.01977401129943503
1 0.6996822033898306 0.701271186440678 0.014830508474576272 0.01977401129943503
1 0.7282838983050848 0.702683615819209 0.013771186440677966 0.022598870056497175
1 0.7399364406779662 0.701271186440678 0.014830508474576272 0.021892655367231638
1 0.7669491525423728 0.6991525423728814 0.014300847457627119 0.0211864406779661
1 0.7801906779661016 0.6977401129943502 0.014300847457627119 0.018361581920903956
1 0.8066737288135594 0.6963276836158192 0.013771186440677966 0.020480225988700564
1 0.8188559322033898 0.6963276836158192 0.014300847457627119 0.020480225988700564
1 0.84375 0.6949152542372882 0.013771186440677966 0.0211864406779661
1 0.8569915254237288 0.6949152542372882 0.014300847457627119 0.020480225988700564
1 0.8813559322033898 0.6927966101694916 0.013771186440677966 0.0211864406779661
1 0.892478813559322 0.693502824858757 0.013241525423728813 0.018361581920903956
1 0.9179025423728814 0.6892655367231638 0.012711864406779662 0.020480225988700564
1 0.9279661016949152 0.6913841807909604 0.014300847457627119 0.019067796610169493
1 0.9523305084745762 0.6892655367231638 0.011122881355932203 0.0211864406779661
1 0.9623940677966102 0.6878531073446328 0.013771186440677966 0.01694915254237288