2 0.20327102803738317 0.9353582554517134 0.014602803738317757 0.018691588785046728
1 0.3566004672897196 0.9964953271028038 0.013434579439252336 0.005451713395638629
1 0.35689252336448596 0.9633956386292835 0.014602803738317757 0.01791277258566978
1 0.35630841121495327 0.9485981308411215 0.014018691588785047 0.017133956386292833
1 0.35630841121495327 0.9088785046728972 0.015186915887850467 0.018691588785046728
1 0.3557242990654206 0.8925233644859814 0.014018691588785047 0.017133956386292833
1 0.35455607476635514 0.8520249221183801 0.015186915887850467 0.019470404984423675
1 0.3557242990654206 0.8364485981308412 0.014018691588785047 0.017133956386292833
1 0.3557242990654206 0.794392523364486 0.015186915887850467 0.01791277258566978
1 0.35397196261682246 0.7795950155763239 0.013434579439252336 0.017133956386292833
1 0.35397196261682246 0.735981308411215 0.015186915887850467 0.017133956386292833
1 0.35397196261682246 0.7188473520249221 0.014018691588785047 0.019470404984423675
1 0.35455607476635514 0.67601246105919 0.015186915887850467 0.020249221183800622
1 0.35397196261682246 0.6596573208722741 0.015186915887850467 0.019470404984423675
1 0.35397196261682246 0.616822429906542 0.015186915887850467 0.020249221183800622
1 0.35397196261682246 0.5996884735202492 0.014602803738317757 0.018691588785046728
1 0.35397196261682246 0.5552959501557633 0.016939252336448597 0.020249221183800622
1 0.35397196261682246 0.5389408099688473 0.015771028037383176 0.020249221183800622
1 0.35397196261682246 0.4953271028037383 0.015186915887850467 0.019470404984423675
1 0.35514018691588783 0.4797507788161994 0.015186915887850467 0.019470404984423675
1 0.35455607476635514 0.40264797507788164 0.015771028037383176 0.020249221183800622
1 0.35514018691588783 0.3855140186915888 0.014602803738317757 0.01791277258566978
1 0.35630841121495327 0.3411214953271028 0.015771028037383176 0.018691588785046728
1 0.3557242990654206 0.32554517133956384 0.012850467289719626 0.018691588785046728
1 0.3557242990654206 0.2819314641744548 0.015186915887850467 0.01791277258566978
1 0.3574766355140187 0.26479750778816197 0.015186915887850467 0.019470404984423675
1 0.3574766355140187 0.22274143302180685 0.014602803738317757 0.017133956386292833
1 0.3574766355140187 0.20638629283489096 0.014018691588785047 0.018691588785046728
1 0.3592289719626168 0.16510903426791276 0.015186915887850467 0.018691588785046728
1 0.35864485981308414 0.14953271028037382 0.014018691588785047 0.017133956386292833
1 0.36039719626168226 0.10747663551401869 0.015186915887850467 0.019470404984423675
1 0.36098130841121495 0.09190031152647975 0.014018691588785047 0.017133956386292833
1 0.3621495327102804 0.05218068535825545 0.013434579439252336 0.017133956386292833
1 0.36156542056074764 0.03660436137071651 0.015186915887850467 0.01791277258566978
1 0.3633177570093458 0.003894080996884735 0.016355140186915886 0.00778816199376947
0 0.2488317757009346 0.12538940809968846 0.013434579439252336 0.024143302180685357
1 0.20735981308411214 0.17990654205607476 0.013434579439252336 0.017133956386292833
1 0.2050233644859813 0.2383177570093458 0.015771028037383176 0.020249221183800622
1 0.20093457943925233 0.3839563862928349 0.014018691588785047 0.018691588785046728
1 0.19976635514018692 0.4439252336448598 0.015186915887850467 0.021806853582554516