2 0.19098712446351931 0.17167381974248927 0.011802575107296138 0.015736766809728183
1 0.33047210300429186 0.09585121602288985 0.011802575107296138 0.012875536480686695
1 0.33047210300429186 0.10944206008583691 0.01072961373390558 0.013590844062947067
1 0.33047210300429186 0.1459227467811159 0.011266094420600859 0.013590844062947067
1 0.33047210300429186 0.15808297567954221 0.011802575107296138 0.013590844062947067
1 0.32993562231759654 0.19527896995708155 0.012875536480686695 0.013590844062947067
1 0.3293991416309013 0.20958512160228898 0.011802575107296138 0.013590844062947067
1 0.32993562231759654 0.24821173104434907 0.013412017167381975 0.013590844062947067
1 0.3293991416309013 0.26180257510729615 0.011802575107296138 0.013590844062947067
1 0.328862660944206 0.3011444921316166 0.011802575107296138 0.012875536480686695
1 0.3283261802575107 0.3147353361945637 0.011266094420600859 0.013590844062947067
1 0.3283261802575107 0.3540772532188841 0.012875536480686695 0.015021459227467811
1 0.328862660944206 0.3698140200286123 0.011802575107296138 0.013590844062947067
1 0.3293991416309013 0.4084406294706724 0.012339055793991416 0.01430615164520744
1 0.3283261802575107 0.4234620886981402 0.012339055793991416 0.015021459227467811
1 0.3293991416309013 0.4642346208869814 0.012875536480686695 0.01430615164520744
1 0.328862660944206 0.47854077253218885 0.012339055793991416 0.01430615164520744
1 0.328862660944206 0.51931330472103 0.013412017167381975 0.015021459227467811
1 0.328862660944206 0.5350500715307582 0.012875536480686695 0.01430615164520744
1 0.3293991416309013 0.5765379113018598 0.013948497854077254 0.015736766809728183
1 0.328862660944206 0.5901287553648069 0.012339055793991416 0.015021459227467811
1 0.3293991416309013 0.6609442060085837 0.013412017167381975 0.015736766809728183
1 0.3293991416309013 0.6759656652360515 0.012339055793991416 0.01430615164520744
1 0.32993562231759654 0.7160228898426323 0.012875536480686695 0.01430615164520744
1 0.32993562231759654 0.7310443490701002 0.011802575107296138 0.01430615164520744
1 0.33047210300429186 0.771101573676681 0.012339055793991416 0.015736766809728183
1 0.32993562231759654 0.7854077253218884 0.011802575107296138 0.01430615164520744
1 0.3315450643776824 0.8261802575107297 0.012875536480686695 0.01430615164520744
1 0.3315450643776824 0.8397711015736766 0.012875536480686695 0.012875536480686695
1 0.3331545064377682 0.8783977110157367 0.012875536480686695 0.015021459227467811
1 0.33369098712446355 0.8934191702432046 0.012875536480686695 0.015021459227467811
1 0.33476394849785407 0.9313304721030042 0.013412017167381975 0.01430615164520744
1 0.33476394849785407 0.9456366237482118 0.012339055793991416 0.015736766809728183
1 0.33530042918454933 0.9821173104434907 0.013412017167381975 0.01430615164520744
1 0.33583690987124465 0.9939198855507868 0.012875536480686695 0.01072961373390558
3 0.2357832618025751 0.9874821173104434 0.014484978540772532 0.023605150214592276
0 0.2322961373390558 0.9148783977110158 0.011802575107296138 0.022174535050071532
1 0.1936695278969957 0.8648068669527897 0.01072961373390558 0.01430615164520744
1 0.19206008583690987 0.8118741058655222 0.011802575107296138 0.015736766809728183
1 0.18776824034334763 0.6766809728183119 0.01072961373390558 0.013590844062947067
1 0.18776824034334763 0.6216022889842633 0.01072961373390558 0.016452074391988557
3 0.22371244635193133 0.5658082975679543 0.016630901287553648 0.02575107296137339