0 0.83125 0.9143939393939394 0.0125 0.020454545454545454
1 0.8704545454545455 0.8609848484848485 0.00909090909090909 0.017424242424242425
1 0.8704545454545455 0.8049242424242424 0.00909090909090909 0.01893939393939394
1 0.8735795454545454 0.6625 0.002840909090909091 0.017424242424242425
1 0.8735795454545454 0.6041666666666666 0.002840909090909091 0.017424242424242425
3 0.8409090909090909 0.5446969696969697 0.014772727272727272 0.02803030303030303
2 0.8710227272727272 0.12651515151515152 0.007954545454545454 0.019696969696969695
1 0.7272727272727273 0.04696969696969697 0.0125 0.015909090909090907
1 0.7272727272727273 0.06136363636363636 0.0125 0.015909090909090907
1 0.7267045454545454 0.09848484848484848 0.014204545454545454 0.016666666666666666
1 0.7272727272727273 0.11212121212121212 0.013636363636363636 0.015909090909090907
1 0.727840909090909 0.15227272727272728 0.013068181818181817 0.015909090909090907
1 0.7272727272727273 0.16818181818181818 0.013068181818181817 0.016666666666666666
1 0.727840909090909 0.20681818181818182 0.01534090909090909 0.017424242424242425
1 0.7284090909090909 0.22196969696969698 0.014772727272727272 0.015909090909090907
1 0.7289772727272728 0.2628787878787879 0.014772727272727272 0.016666666666666666
1 0.7289772727272728 0.2787878787878788 0.014204545454545454 0.017424242424242425
1 0.7289772727272728 0.3196969696969697 0.014772727272727272 0.016666666666666666
1 0.7289772727272728 0.3371212121212121 0.014772727272727272 0.01818181818181818
1 0.7289772727272728 0.37803030303030305 0.014204545454545454 0.017424242424242425
1 0.7289772727272728 0.3946969696969697 0.013068181818181817 0.01818181818181818
1 0.7289772727272728 0.43787878787878787 0.014772727272727272 0.017424242424242425
1 0.7289772727272728 0.45227272727272727 0.014772727272727272 0.016666666666666666
1 0.7284090909090909 0.4954545454545455 0.015909090909090907 0.01893939393939394
1 0.7289772727272728 0.5121212121212121 0.014772727272727272 0.01893939393939394
1 0.7295454545454545 0.5553030303030303 0.014204545454545454 0.01818181818181818
1 0.7295454545454545 0.571969696969697 0.013636363636363636 0.01893939393939394
1 0.7284090909090909 0.6454545454545455 0.014204545454545454 0.016666666666666666
1 0.7284090909090909 0.6606060606060606 0.014204545454545454 0.019696969696969695
1 0.7289772727272728 0.703030303030303 0.01534090909090909 0.017424242424242425
1 0.7284090909090909 0.7212121212121212 0.014772727272727272 0.020454545454545454
1 0.7272727272727273 0.7606060606060606 0.014204545454545454 0.01818181818181818
1 0.727840909090909 0.7772727272727272 0.014772727272727272 0.01893939393939394
1 0.7267045454545454 0.818939393939394 0.013636363636363636 0.01893939393939394
1 0.7261363636363637 0.8363636363636363 0.014204545454545454 0.01893939393939394
1 0.725 0.8757575757575757 0.013636363636363636 0.016666666666666666
1 0.725 0.8924242424242425 0.014204545454545454 0.01818181818181818
1 0.7232954545454545 0.931060606060606 0.014772727272727272 0.016666666666666666
1 0.7227272727272728 0.9462121212121212 0.014772727272727272 0.016666666666666666
1 0.7221590909090909 0.9848484848484849 0.013068181818181817 0.015909090909090907
1 0.721875 0.9950757575757576 0.01534090909090909 0.008333333333333333