1 0.3433202357563851 0.07198952879581152 0.008840864440078585 0.011780104712041885
1 0.3428290766208251 0.0844240837696335 0.009332023575638507 0.013089005235602094
1 0.3428290766208251 0.11780104712041885 0.01031434184675835 0.0137434554973822
1 0.3418467583497053 0.12958115183246074 0.010805500982318271 0.014397905759162303
1 0.3423379174852652 0.16295811518324607 0.010805500982318271 0.0137434554973822
1 0.3423379174852652 0.17604712041884818 0.01031434184675835 0.014397905759162303
1 0.3428290766208251 0.2107329842931937 0.011296660117878193 0.015706806282722512
1 0.3423379174852652 0.2238219895287958 0.011787819253438114 0.014397905759162303
1 0.3418467583497053 0.25850785340314136 0.010805500982318271 0.015052356020942409
1 0.3418467583497053 0.27159685863874344 0.011296660117878193 0.015706806282722512
1 0.34086444007858546 0.30824607329842935 0.010805500982318271 0.015052356020942409
1 0.3413555992141454 0.3213350785340314 0.010805500982318271 0.0137434554973822
1 0.3418467583497053 0.3586387434554974 0.010805500982318271 0.014397905759162303
1 0.3413555992141454 0.3723821989528796 0.011787819253438114 0.015706806282722512
1 0.3413555992141454 0.40903141361256545 0.011787819253438114 0.014397905759162303
1 0.34086444007858546 0.42342931937172773 0.010805500982318271 0.014397905759162303
1 0.3418467583497053 0.46007853403141363 0.012278978388998035 0.014397905759162303
1 0.3413555992141454 0.4738219895287958 0.010805500982318271 0.014397905759162303
1 0.3418467583497053 0.5111256544502618 0.011296660117878193 0.014397905759162303
1 0.3418467583497053 0.524869109947644 0.012770137524557957 0.015706806282722512
1 0.3418467583497053 0.5883507853403142 0.011296660117878193 0.015052356020942409
1 0.3413555992141454 0.6027486910994765 0.011787819253438114 0.014397905759162303
1 0.3423379174852652 0.6393979057591623 0.012770137524557957 0.0137434554973822
1 0.3423379174852652 0.6537958115183246 0.013261296660117878 0.016361256544502618
1 0.3428290766208251 0.6904450261780105 0.012770137524557957 0.015052356020942409
1 0.343811394891945 0.7041884816753927 0.012770137524557957 0.014397905759162303
1 0.3443025540275049 0.7388743455497382 0.012770137524557957 0.014397905759162303
1 0.343811394891945 0.7532722513089005 0.012278978388998035 0.014397905759162303
1 0.34528487229862476 0.7879581151832461 0.0137524557956778 0.016361256544502618
1 0.34577603143418467 0.8017015706806283 0.012770137524557957 0.014397905759162303
1 0.3472495088408644 0.8363874345549738 0.012278978388998035 0.014397905759162303
1 0.3467583497053045 0.850130890052356 0.012278978388998035 0.015706806282722512
1 0.3472495088408644 0.8821989528795812 0.010805500982318271 0.014397905759162303
1 0.3477406679764244 0.8959424083769634 0.012770137524557957 0.013089005235602094
1 0.3482318271119843 0.9273560209424084 0.010805500982318271 0.014397905759162303
1 0.3487229862475442 0.9410994764397905 0.011787819253438114 0.012434554973821989
1 0.3511787819253438 0.9731675392670157 0.011787819253438114 0.0137434554973822
1 0.3506876227897839 0.9849476439790575 0.010805500982318271 0.0137434554973822
1 0.22838899803536344 0.9803664921465969 0.009332023575638507 0.015706806282722512
1 0.22642436149312378 0.93717277486911 0.011296660117878193 0.016361256544502618
1 0.2175834970530452 0.774869109947644 0.010805500982318271 0.016361256544502618
1 0.21611001964636542 0.7277486910994765 0.012278978388998035 0.01832460732984293
1 0.21218074656188604 0.6040575916230366 0.01031434184675835 0.014397905759162303
1 0.21218074656188604 0.5536649214659686 0.012278978388998035 0.01767015706806283
0 0.25294695481335955 0.8213350785340314 0.009332023575638507 0.018979057591623036
2 0.2156188605108055 0.14136125654450263 0.012770137524557957 0.017015706806282723