2 0.18976545842217485 0.11095305832147938 0.013326226012793176 0.017069701280227598
1 0.3288912579957356 0.03627311522048364 0.012260127931769723 0.014935988620199146
1 0.3294243070362473 0.049786628733997154 0.011727078891257996 0.014935988620199146
1 0.3299573560767591 0.08534850640113797 0.013326226012793176 0.016358463726884778
1 0.3294243070362473 0.09886201991465149 0.01279317697228145 0.015647226173541962
1 0.3294243070362473 0.13513513513513514 0.013859275053304905 0.017069701280227598
1 0.3288912579957356 0.15007112375533427 0.01279317697228145 0.015647226173541962
1 0.32782515991471217 0.18705547652916074 0.013859275053304905 0.017780938833570414
1 0.3288912579957356 0.20128022759601708 0.01279317697228145 0.015647226173541962
1 0.3288912579957356 0.23968705547652916 0.013859275053304905 0.016358463726884778
1 0.3272921108742004 0.2532005689900427 0.012260127931769723 0.015647226173541962
1 0.3272921108742004 0.2930298719772404 0.013859275053304905 0.015647226173541962
1 0.3272921108742004 0.30867709815078237 0.01279317697228145 0.017780938833570414
1 0.32782515991471217 0.34779516358463725 0.013859275053304905 0.01849217638691323
1 0.3272921108742004 0.3627311522048364 0.013859275053304905 0.017780938833570414
1 0.3272921108742004 0.4018492176386913 0.013859275053304905 0.01849217638691323
1 0.3272921108742004 0.4174964438122333 0.013326226012793176 0.017069701280227598
1 0.3272921108742004 0.45803698435277385 0.015458422174840085 0.01849217638691323
1 0.3272921108742004 0.47297297297297297 0.014392324093816631 0.01849217638691323
1 0.3272921108742004 0.5128022759601707 0.013859275053304905 0.017780938833570414
1 0.3283582089552239 0.527027027027027 0.013859275053304905 0.017780938833570414
1 0.32782515991471217 0.5974395448079659 0.014392324093816631 0.01849217638691323
1 0.3283582089552239 0.6130867709815079 0.013326226012793176 0.016358463726884778
1 0.3294243070362473 0.6536273115220483 0.014392324093816631 0.017069701280227598
1 0.3288912579957356 0.6678520625889047 0.011727078891257996 0.017069701280227598
1 0.3288912579957356 0.7076813655761024 0.013859275053304905 0.016358463726884778
1 0.3304904051172708 0.7233285917496444 0.013859275053304905 0.017780938833570414
1 0.3304904051172708 0.7617354196301565 0.013326226012793176 0.015647226173541962
1 0.3304904051172708 0.7766714082503556 0.01279317697228145 0.017069701280227598
1 0.332089552238806 0.8143669985775249 0.013859275053304905 0.017069701280227598
1 0.3315565031982942 0.8285917496443812 0.01279317697228145 0.015647226173541962
1 0.3331556503198294 0.8669985775248933 0.013859275053304905 0.017780938833570414
1 0.3336886993603412 0.8812233285917497 0.01279317697228145 0.015647226173541962
1 0.3347547974413646 0.9174964438122333 0.012260127931769723 0.015647226173541962
1 0.3342217484008529 0.9317211948790897 0.013859275053304905 0.016358463726884778
1 0.3358208955223881 0.9665718349928877 0.014392324093816631 0.015647226173541962
1 0.3358208955223881 0.980796586059744 0.013326226012793176 0.016358463726884778
1 0.2025586353944563 0.9765291607396871 0.013859275053304905 0.01849217638691323
0 0.23134328358208955 0.8506401137980085 0.012260127931769723 0.022048364153627313
1 0.19349680170575692 0.8008534850640113 0.012260127931769723 0.015647226173541962
1 0.19136460554371001 0.7475106685633002 0.014392324093816631 0.01849217638691323
1 0.18763326226012794 0.6145092460881935 0.01279317697228145 0.017069701280227598
1 0.1865671641791045 0.5597439544807966 0.013859275053304905 0.01991465149359886