0 0.8105381165919282 0.8886397608370703 0.011210762331838564 0.02242152466367713
1 0.850896860986547 0.8363228699551569 0.01233183856502242 0.01569506726457399
1 0.851457399103139 0.7817638266068759 0.01233183856502242 0.0171898355754858
1 0.8570627802690582 0.6397608370702541 0.010089686098654708 0.014947683109118086
1 0.8570627802690582 0.5829596412556054 0.01233183856502242 0.017937219730941704
2 0.8531390134529148 0.11136023916292975 0.014573991031390135 0.01943198804185351
1 0.7068385650224215 0.03288490284005979 0.01289237668161435 0.016442451420029897
1 0.7073991031390134 0.04708520179372197 0.01289237668161435 0.0171898355754858
1 0.7073991031390134 0.08370702541106129 0.014013452914798207 0.0171898355754858
1 0.7079596412556054 0.09940209267563528 0.01289237668161435 0.01868460388639761
1 0.7073991031390134 0.1367713004484305 0.01289237668161435 0.017937219730941704
1 0.7085201793721974 0.1532137518684604 0.013452914798206279 0.01943198804185351
1 0.7079596412556054 0.1920777279521674 0.014013452914798207 0.0171898355754858
1 0.7090807174887892 0.2062780269058296 0.01233183856502242 0.0171898355754858
1 0.7102017937219731 0.24588938714499253 0.013452914798206279 0.016442451420029897
1 0.7096412556053812 0.2623318385650224 0.014013452914798207 0.0171898355754858
1 0.7090807174887892 0.3034379671150972 0.014013452914798207 0.01868460388639761
1 0.7090807174887892 0.31988041853512705 0.01289237668161435 0.017937219730941704
1 0.7090807174887892 0.3609865470852018 0.01289237668161435 0.016442451420029897
1 0.7102017937219731 0.375186846038864 0.011771300448430493 0.016442451420029897
1 0.7090807174887892 0.41778774289985054 0.01289237668161435 0.016442451420029897
1 0.7090807174887892 0.4334828101644245 0.01233183856502242 0.0171898355754858
1 0.7096412556053812 0.4760837070254111 0.01233183856502242 0.016442451420029897
1 0.7102017937219731 0.49177877428998507 0.013452914798206279 0.0171898355754858
1 0.7096412556053812 0.5343796711509716 0.014573991031390135 0.017937219730941704
1 0.7090807174887892 0.5500747384155455 0.01289237668161435 0.01943198804185351
1 0.7090807174887892 0.6240657698056801 0.01289237668161435 0.0171898355754858
1 0.7096412556053812 0.6382660687593423 0.01289237668161435 0.016442451420029897
1 0.7085201793721974 0.6816143497757847 0.014573991031390135 0.0171898355754858
1 0.7085201793721974 0.6965620328849028 0.01233183856502242 0.016442451420029897
1 0.7079596412556054 0.7376681614349776 0.01233183856502242 0.016442451420029897
1 0.7079596412556054 0.7533632286995515 0.01233183856502242 0.016442451420029897
1 0.7073991031390134 0.7952167414050823 0.01289237668161435 0.016442451420029897
1 0.7068385650224215 0.8094170403587444 0.01233183856502242 0.016442451420029897
1 0.7045964125560538 0.8505231689088192 0.013452914798206279 0.016442451420029897
1 0.7051569506726457 0.8662182361733931 0.01233183856502242 0.014947683109118086
1 0.702914798206278 0.906576980568012 0.01289237668161435 0.016442451420029897
1 0.702914798206278 0.9207772795216741 0.01233183856502242 0.01569506726457399
1 0.7017937219730942 0.9588938714499252 0.014573991031390135 0.0171898355754858
1 0.702354260089686 0.9730941704035875 0.01233183856502242 0.016442451420029897