0 0.7472137791286727 0.8486486486486486 0.010131712259371834 0.02027027027027027
1 0.7735562310030395 0.9695945945945946 0.013171225937183385 0.018243243243243244
1 0.7826747720364742 0.802027027027027 0.014184397163120567 0.01756756756756757
1 0.7852077001013171 0.75 0.013677811550151976 0.02027027027027027
1 0.7887537993920972 0.6236486486486487 0.013171225937183385 0.015540540540540541
1 0.7887537993920972 0.5736486486486486 0.015197568389057751 0.019594594594594596
1 0.6534954407294833 0.07635135135135135 0.015197568389057751 0.01756756756756757
1 0.6529888551165147 0.08986486486486486 0.01165146909827761 0.015540540540540541
1 0.6534954407294833 0.12094594594594595 0.014690982776089158 0.016216216216216217
1 0.6529888551165147 0.1358108108108108 0.012664640324214792 0.012837837837837839
1 0.6540020263424519 0.16891891891891891 0.0121580547112462 0.015540540540540541
1 0.6529888551165147 0.18445945945945946 0.01165146909827761 0.01418918918918919
1 0.6540020263424519 0.2195945945945946 0.014690982776089158 0.01756756756756757
1 0.6545086119554204 0.23310810810810811 0.013171225937183385 0.016216216216216217
1 0.6545086119554204 0.2689189189189189 0.014184397163120567 0.01756756756756757
1 0.6540020263424519 0.28378378378378377 0.015197568389057751 0.016891891891891893
1 0.6540020263424519 0.3202702702702703 0.014690982776089158 0.016216216216216217
1 0.6545086119554204 0.3364864864864865 0.013171225937183385 0.016216216216216217
1 0.6545086119554204 0.37027027027027026 0.015704154002026342 0.018243243243243244
1 0.6540020263424519 0.38716216216216215 0.014184397163120567 0.016891891891891893
1 0.6540020263424519 0.42364864864864865 0.015704154002026342 0.01891891891891892
1 0.6545086119554204 0.43986486486486487 0.014184397163120567 0.016216216216216217
1 0.6550151975683891 0.47635135135135137 0.014184397163120567 0.016216216216216217
1 0.6540020263424519 0.4925675675675676 0.015704154002026342 0.015540540540540541
1 0.6550151975683891 0.529054054054054 0.016210739614994935 0.018243243243243244
1 0.6550151975683891 0.5432432432432432 0.014184397163120567 0.01756756756756757
1 0.6550151975683891 0.6081081081081081 0.015197568389057751 0.016216216216216217
1 0.6560283687943262 0.6243243243243243 0.014184397163120567 0.01756756756756757
1 0.6540020263424519 0.6614864864864864 0.016210739614994935 0.018243243243243244
1 0.6534954407294833 0.677027027027027 0.015704154002026342 0.019594594594594596
1 0.6529888551165147 0.7128378378378378 0.015197568389057751 0.018243243243243244
1 0.6534954407294833 0.7277027027027027 0.013171225937183385 0.015540540540540541
1 0.6519756838905775 0.7648648648648648 0.015197568389057751 0.016891891891891893
1 0.6529888551165147 0.779054054054054 0.012664640324214792 0.016216216216216217
1 0.6504559270516718 0.8141891891891891 0.015197568389057751 0.015540540540540541
1 0.6519756838905775 0.8283783783783784 0.014184397163120567 0.01756756756756757
1 0.6494427558257345 0.8635135135135135 0.016717325227963525 0.016891891891891893
1 0.6499493414387031 0.879054054054054 0.015197568389057751 0.016216216216216217
1 0.6484295845997974 0.9135135135135135 0.013677811550151976 0.016216216216216217
1 0.6474164133738601 0.927027027027027 0.012664640324214792 0.01418918918918919
1 0.6453900709219859 0.9601351351351352 0.015197568389057751 0.014864864864864866
1 0.6469098277608916 0.9736486486486486 0.013677811550151976 0.015540540540540541
2 0.7847011144883486 0.1472972972972973 0.013171225937183385 0.019594594594594596