1 0.2265547877591313 0.021710526315789475 0.010365251727541954 0.015131578947368421
1 0.2250740375123396 0.06578947368421052 0.012833168805528134 0.01644736842105263
1 0.21569595261599211 0.22763157894736843 0.011352418558736426 0.014473684210526316
1 0.21421520236920039 0.2756578947368421 0.01332675222112537 0.017105263157894738
1 0.20927936821322804 0.4 0.014313919052319843 0.019736842105263157
1 0.20977295162882528 0.45 0.012833168805528134 0.019736842105263157
1 0.34106614017769005 0.9348684210526316 0.012833168805528134 0.014473684210526316
1 0.3415597235932873 0.9203947368421053 0.012339585389930898 0.017105263157894738
1 0.34106614017769005 0.8894736842105263 0.014313919052319843 0.015131578947368421
1 0.34106614017769005 0.8756578947368421 0.012339585389930898 0.01381578947368421
1 0.34106614017769005 0.8427631578947369 0.012833168805528134 0.014473684210526316
1 0.3415597235932873 0.8282894736842106 0.012833168805528134 0.015789473684210527
1 0.34007897334649556 0.7953947368421053 0.014313919052319843 0.015789473684210527
1 0.34106614017769005 0.7802631578947369 0.013820335636722606 0.015131578947368421
1 0.34106614017769005 0.7453947368421052 0.015301085883514315 0.01644736842105263
1 0.3395853899308983 0.7315789473684211 0.01332675222112537 0.01644736842105263
1 0.3395853899308983 0.6973684210526315 0.014313919052319843 0.017105263157894738
1 0.3390918065153011 0.6822368421052631 0.013820335636722606 0.015789473684210527
1 0.3395853899308983 0.6473684210526316 0.014807502467917079 0.019078947368421053
1 0.3395853899308983 0.631578947368421 0.013820335636722606 0.015131578947368421
1 0.3405725567620928 0.5960526315789474 0.016288252714708785 0.015789473684210527
1 0.3395853899308983 0.5802631578947368 0.01579466929911155 0.017763157894736842
1 0.3395853899308983 0.5453947368421053 0.014313919052319843 0.017105263157894738
1 0.3405725567620928 0.5296052631578947 0.014807502467917079 0.017105263157894738
1 0.34007897334649556 0.49473684210526314 0.01332675222112537 0.017105263157894738
1 0.3390918065153011 0.4789473684210526 0.013820335636722606 0.01644736842105263
1 0.34007897334649556 0.4151315789473684 0.014807502467917079 0.017763157894736842
1 0.3395853899308983 0.3993421052631579 0.01332675222112537 0.017105263157894738
1 0.3405725567620928 0.3651315789473684 0.01579466929911155 0.018421052631578946
1 0.34106614017769005 0.3493421052631579 0.013820335636722606 0.017105263157894738
1 0.3415597235932873 0.3144736842105263 0.014807502467917079 0.018421052631578946
1 0.3415597235932873 0.2993421052631579 0.01332675222112537 0.015789473684210527
1 0.3420533070088845 0.2644736842105263 0.014807502467917079 0.017105263157894738
1 0.3425468904244817 0.2493421052631579 0.014807502467917079 0.017763157894736842
1 0.3435340572556762 0.21447368421052632 0.014807502467917079 0.017105263157894738
1 0.3435340572556762 0.1993421052631579 0.013820335636722606 0.015789473684210527
1 0.34501480750246794 0.16644736842105262 0.014313919052319843 0.017105263157894738
1 0.34501480750246794 0.15263157894736842 0.01332675222112537 0.015789473684210527
1 0.3464955577492596 0.11973684210526316 0.012833168805528134 0.014473684210526316
1 0.3464955577492596 0.10657894736842105 0.012339585389930898 0.01381578947368421
1 0.34797630799605134 0.07368421052631578 0.01332675222112537 0.015131578947368421
1 0.34797630799605134 0.05986842105263158 0.012339585389930898 0.01381578947368421
1 0.34945705824284307 0.029605263157894735 0.014807502467917079 0.014473684210526316
1 0.351431391905232 0.015131578947368421 0.013820335636722606 0.015789473684210527
2 0.21125370187561698 0.8671052631578947 0.017769002961500493 0.02368421052631579