2 0.8758823529411764 0.10596546310832025 0.01588235294117647 0.019623233908948195
1 0.9376470588235294 0.3108320251177394 0.012941176470588235 0.02040816326530612
1 0.9252941176470588 0.3092621664050236 0.012941176470588235 0.018838304552590265
1 0.8970588235294118 0.30847723704866564 0.013529411764705882 0.019623233908948195
1 0.8835294117647059 0.30847723704866564 0.015294117647058824 0.01726844583987441
1 0.8558823529411764 0.30847723704866564 0.015294117647058824 0.01805337519623234
1 0.8441176470588235 0.3092621664050236 0.015294117647058824 0.01805337519623234
1 0.8129411764705883 0.31004709576138145 0.011764705882352941 0.01726844583987441
1 0.8005882352941176 0.3092621664050236 0.011764705882352941 0.016483516483516484
1 0.7688235294117647 0.3069073783359498 0.01411764705882353 0.02040816326530612
1 0.7570588235294118 0.3076923076923077 0.014705882352941176 0.01805337519623234
1 0.7241176470588235 0.30847723704866564 0.015294117647058824 0.02040816326530612
1 0.7129411764705882 0.3069073783359498 0.015294117647058824 0.02197802197802198
1 0.68 0.3076923076923077 0.01411764705882353 0.018838304552590265
1 0.6676470588235294 0.3069073783359498 0.013529411764705882 0.01805337519623234
1 0.6347058823529412 0.30847723704866564 0.015294117647058824 0.019623233908948195
1 0.6223529411764706 0.3076923076923077 0.01411764705882353 0.01805337519623234
1 0.5888235294117647 0.3069073783359498 0.015294117647058824 0.018838304552590265
1 0.5758823529411765 0.3069073783359498 0.014705882352941176 0.018838304552590265
1 0.5441176470588235 0.30847723704866564 0.015294117647058824 0.02119309262166405
1 0.53 0.3069073783359498 0.014705882352941176 0.018838304552590265
1 0.47294117647058825 0.30847723704866564 0.014705882352941176 0.02040816326530612
1 0.46 0.30847723704866564 0.01411764705882353 0.02197802197802198
1 0.42764705882352944 0.30847723704866564 0.01588235294117647 0.022762951334379906
1 0.4147058823529412 0.3069073783359498 0.01647058823529412 0.02119309262166405
1 0.38235294117647056 0.31004709576138145 0.013529411764705882 0.019623233908948195
1 0.36941176470588233 0.3092621664050236 0.01588235294117647 0.02040816326530612
1 0.33705882352941174 0.3108320251177394 0.015294117647058824 0.02040816326530612
1 0.3247058823529412 0.31004709576138145 0.017058823529411765 0.02040816326530612
1 0.29352941176470587 0.31240188383045525 0.015294117647058824 0.02119309262166405
1 0.2817647058823529 0.3131868131868132 0.015294117647058824 0.019623233908948195
1 0.25 0.315541601255887 0.015294117647058824 0.02119309262166405
1 0.23823529411764705 0.31475667189952905 0.014705882352941176 0.019623233908948195
1 0.20941176470588235 0.31868131868131866 0.015294117647058824 0.02040816326530612
1 0.19647058823529412 0.31711145996860285 0.013529411764705882 0.01805337519623234
1 0.16823529411764707 0.31868131868131866 0.012941176470588235 0.02197802197802198
1 0.1564705882352941 0.32103610675039246 0.012941176470588235 0.019623233908948195
1 0.12823529411764706 0.3218210361067504 0.015294117647058824 0.019623233908948195
1 0.11705882352941177 0.3226059654631083 0.012352941176470587 0.02119309262166405
1 0.09058823529411765 0.32574568288854006 0.014705882352941176 0.02040816326530612
1 0.07823529411764706 0.32574568288854006 0.012352941176470587 0.01726844583987441
0 0.2647058823529412 0.16562009419152277 0.02176470588235294 0.01726844583987441
1 0.03058823529411765 0.13971742543171115 0.017058823529411765 0.02197802197802198
1 0.12117647058823529 0.12794348508634223 0.01647058823529412 0.02040816326530612
1 0.16 0.12244897959183673 0.015294117647058824 0.02040816326530612
1 0.3052941176470588 0.10832025117739404 0.01588235294117647 0.018838304552590265
1 0.3488235294117647 0.10675039246467818 0.015294117647058824 0.023547880690737835
1 0.45941176470588235 0.10047095761381476 0.01411764705882353 0.02040816326530612
1 0.5052941176470588 0.10047095761381476 0.015294117647058824 0.02040816326530612