0 0.25589390962671904 0.8206806282722513 0.010805500982318271 0.01767015706806283
1 0.231335952848723 0.9797120418848168 0.009332023575638507 0.012434554973821989
1 0.2293713163064833 0.9365183246073299 0.010805500982318271 0.014397905759162303
1 0.2200392927308448 0.7742146596858639 0.011296660117878193 0.014397905759162303
1 0.21905697445972494 0.7257853403141361 0.012770137524557957 0.015706806282722512
1 0.21463654223968565 0.6027486910994765 0.010805500982318271 0.014397905759162303
1 0.21463654223968565 0.5523560209424084 0.011296660117878193 0.014397905759162303
3 0.2475442043222004 0.5013089005235603 0.012770137524557957 0.024214659685863876
2 0.2180746561886051 0.1400523560209424 0.013261296660117878 0.016361256544502618
1 0.34577603143418467 0.07133507853403141 0.010805500982318271 0.0137434554973822
1 0.34577603143418467 0.08376963350785341 0.010805500982318271 0.0137434554973822
1 0.3462671905697446 0.11583769633507854 0.012278978388998035 0.014397905759162303
1 0.34577603143418467 0.12761780104712042 0.011787819253438114 0.0137434554973822
1 0.34528487229862476 0.16230366492146597 0.011296660117878193 0.0137434554973822
1 0.34577603143418467 0.17604712041884818 0.011296660117878193 0.014397905759162303
1 0.34528487229862476 0.2094240837696335 0.013261296660117878 0.015052356020942409
1 0.34479371316306484 0.22251308900523561 0.012770137524557957 0.0137434554973822
1 0.3443025540275049 0.25785340314136124 0.012770137524557957 0.014397905759162303
1 0.3443025540275049 0.27159685863874344 0.012278978388998035 0.015052356020942409
1 0.3443025540275049 0.3069371727748691 0.012770137524557957 0.014397905759162303
1 0.3443025540275049 0.3219895287958115 0.012770137524557957 0.015706806282722512
1 0.3443025540275049 0.35732984293193715 0.012278978388998035 0.015052356020942409
1 0.3443025540275049 0.3717277486910995 0.011296660117878193 0.015706806282722512
1 0.3443025540275049 0.40903141361256545 0.012770137524557957 0.015052356020942409
1 0.3443025540275049 0.4214659685863874 0.012770137524557957 0.014397905759162303
1 0.34479371316306484 0.4587696335078534 0.0137524557956778 0.016361256544502618
1 0.3443025540275049 0.4731675392670157 0.012770137524557957 0.016361256544502618
1 0.343811394891945 0.5104712041884817 0.012278978388998035 0.015706806282722512
1 0.343811394891945 0.524869109947644 0.011787819253438114 0.016361256544502618
1 0.34479371316306484 0.5883507853403142 0.012278978388998035 0.014397905759162303
1 0.34479371316306484 0.6014397905759162 0.012278978388998035 0.017015706806282723
1 0.3443025540275049 0.6380890052356021 0.013261296660117878 0.015052356020942409
1 0.34479371316306484 0.6537958115183246 0.012770137524557957 0.01767015706806283
1 0.34577603143418467 0.68782722513089 0.012278978388998035 0.015706806282722512
1 0.34528487229862476 0.7022251308900523 0.012770137524557957 0.016361256544502618
1 0.3462671905697446 0.7382198952879581 0.011787819253438114 0.016361256544502618
1 0.3467583497053045 0.7532722513089005 0.012278978388998035 0.016361256544502618
1 0.3477406679764244 0.787303664921466 0.011787819253438114 0.014397905759162303
1 0.3477406679764244 0.8017015706806283 0.012278978388998035 0.015706806282722512
1 0.34921414538310414 0.8350785340314136 0.012770137524557957 0.014397905759162303
1 0.34970530451866405 0.8481675392670157 0.012770137524557957 0.014397905759162303
1 0.35019646365422397 0.881544502617801 0.011296660117878193 0.0137434554973822
1 0.3506876227897839 0.8946335078534031 0.012770137524557957 0.015052356020942409
1 0.35216110019646363 0.9273560209424084 0.012278978388998035 0.014397905759162303
1 0.3526522593320236 0.9404450261780105 0.011787819253438114 0.014397905759162303
1 0.35363457760314343 0.9712041884816754 0.011296660117878193 0.015052356020942409
1 0.35363457760314343 0.9842931937172775 0.011296660117878193 0.0137434554973822