2 0.12903225806451613 0.9055299539170507 0.0069124423963133645 0.018433179723502304
1 0.27476958525345624 0.9869431643625192 0.01152073732718894 0.013824884792626729
1 0.27476958525345624 0.9723502304147466 0.01152073732718894 0.014592933947772658
1 0.27419354838709675 0.9339477726574501 0.012672811059907835 0.015360983102918587
1 0.27419354838709675 0.9201228878648233 0.012096774193548387 0.016897081413210446
1 0.2736175115207373 0.8809523809523809 0.012672811059907835 0.016129032258064516
1 0.2736175115207373 0.8648233486943164 0.012096774193548387 0.016897081413210446
1 0.2730414746543779 0.8241167434715821 0.013248847926267281 0.016897081413210446
1 0.2736175115207373 0.8087557603686636 0.012672811059907835 0.016897081413210446
1 0.2736175115207373 0.7672811059907834 0.013824884792626729 0.016897081413210446
1 0.27246543778801846 0.7519201228878648 0.012672811059907835 0.016129032258064516
1 0.2730414746543779 0.7096774193548387 0.014400921658986175 0.016897081413210446
1 0.27246543778801846 0.6935483870967742 0.013248847926267281 0.016897081413210446
1 0.27246543778801846 0.6505376344086021 0.013824884792626729 0.016129032258064516
1 0.271889400921659 0.6351766513056836 0.012672811059907835 0.016129032258064516
1 0.2730414746543779 0.5921658986175116 0.013824884792626729 0.016897081413210446
1 0.27246543778801846 0.5752688172043011 0.013248847926267281 0.016129032258064516
1 0.2730414746543779 0.5314900153609831 0.013248847926267281 0.016129032258064516
1 0.2730414746543779 0.5161290322580645 0.013248847926267281 0.016897081413210446
1 0.27246543778801846 0.47081413210445466 0.013824884792626729 0.016897081413210446
1 0.27246543778801846 0.45622119815668205 0.012672811059907835 0.017665130568356373
1 0.2730414746543779 0.38018433179723504 0.013248847926267281 0.016897081413210446
1 0.271889400921659 0.36482334869431643 0.013824884792626729 0.016897081413210446
1 0.2736175115207373 0.32027649769585254 0.013824884792626729 0.016129032258064516
1 0.2730414746543779 0.3049155145929339 0.013248847926267281 0.016897081413210446
1 0.27476958525345624 0.2619047619047619 0.012672811059907835 0.016129032258064516
1 0.27419354838709675 0.24731182795698925 0.012672811059907835 0.016129032258064516
1 0.27476958525345624 0.20430107526881722 0.013248847926267281 0.016897081413210446
1 0.27476958525345624 0.1881720430107527 0.013248847926267281 0.016897081413210446
1 0.277073732718894 0.14592933947772657 0.012672811059907835 0.016129032258064516
1 0.277073732718894 0.1313364055299539 0.013248847926267281 0.016129032258064516
1 0.2782258064516129 0.08986175115207373 0.012672811059907835 0.014592933947772658
1 0.2782258064516129 0.07603686635944701 0.012672811059907835 0.015360983102918587
1 0.2793778801843318 0.03533026113671275 0.013248847926267281 0.016129032258064516
1 0.2805299539170507 0.020737327188940093 0.013824884792626729 0.016129032258064516
3 0.1728110599078341 0.028417818740399385 0.01728110599078341 0.029185867895545316
0 0.16877880184331798 0.10906298003072197 0.012096774193548387 0.02304147465437788
1 0.1298963133640553 0.16129032258064516 0.008640552995391706 0.018433179723502304
1 0.12903225806451613 0.21927803379416283 0.0069124423963133645 0.017665130568356373
1 0.1264400921658986 0.3632872503840246 0.0017281105990783411 0.018433179723502304
1 0.12701612903225806 0.4220430107526882 0.002880184331797235 0.019201228878648235
3 0.15898617511520738 0.48310291858678955 0.01728110599078341 0.026881720430107527