1 0.3520286396181384 0.03343949044585987 0.013723150357995227 0.01910828025477707
1 0.35143198090692124 0.04936305732484077 0.014319809069212411 0.01751592356687898
1 0.35083532219570407 0.09156050955414012 0.013126491646778043 0.018312101910828025
1 0.35083532219570407 0.10748407643312102 0.013723150357995227 0.01910828025477707
1 0.3496420047732697 0.1520700636942675 0.013126491646778043 0.018312101910828025
1 0.3502386634844869 0.1679936305732484 0.013126491646778043 0.016719745222929936
1 0.35083532219570407 0.21337579617834396 0.013126491646778043 0.01751592356687898
1 0.3502386634844869 0.2300955414012739 0.014319809069212411 0.01910828025477707
1 0.3502386634844869 0.2746815286624204 0.014319809069212411 0.01751592356687898
1 0.3496420047732697 0.2921974522292994 0.013126491646778043 0.01751592356687898
1 0.35083532219570407 0.33678343949044587 0.014916467780429593 0.01751592356687898
1 0.3502386634844869 0.3535031847133758 0.013126491646778043 0.01751592356687898
1 0.35083532219570407 0.39888535031847133 0.013723150357995227 0.01751592356687898
1 0.35083532219570407 0.4156050955414013 0.015513126491646777 0.01910828025477707
1 0.35083532219570407 0.4928343949044586 0.013723150357995227 0.018312101910828025
1 0.3502386634844869 0.5103503184713376 0.014319809069212411 0.01751592356687898
1 0.35143198090692124 0.5549363057324841 0.015513126491646777 0.016719745222929936
1 0.35143198090692124 0.572452229299363 0.016109785202863963 0.019904458598726114
1 0.3520286396181384 0.6170382165605095 0.015513126491646777 0.018312101910828025
1 0.3532219570405728 0.6337579617834395 0.015513126491646777 0.01751592356687898
1 0.35381861575178997 0.6759554140127388 0.015513126491646777 0.01751592356687898
1 0.3532219570405728 0.6934713375796179 0.014916467780429593 0.01751592356687898
1 0.35501193317422436 0.7356687898089171 0.016706443914081145 0.019904458598726114
1 0.3556085918854415 0.7523885350318471 0.015513126491646777 0.01751592356687898
1 0.3573985680190931 0.7945859872611465 0.014916467780429593 0.01751592356687898
1 0.3568019093078759 0.8113057324840764 0.014916467780429593 0.01910828025477707
1 0.3573985680190931 0.8503184713375797 0.013126491646778043 0.01751592356687898
1 0.35799522673031026 0.8670382165605095 0.015513126491646777 0.01592356687898089
1 0.3585918854415274 0.9052547770700637 0.013126491646778043 0.01751592356687898
1 0.35918854415274465 0.9219745222929936 0.014319809069212411 0.015127388535031847
1 0.36217183770883055 0.9609872611464968 0.014319809069212411 0.016719745222929936
1 0.3615751789976134 0.9753184713375797 0.013126491646778043 0.016719745222929936
1 0.21300715990453462 0.9697452229299363 0.011336515513126491 0.01910828025477707
1 0.21062052505966586 0.9171974522292994 0.013723150357995227 0.019904458598726114
1 0.19988066825775655 0.7197452229299363 0.013126491646778043 0.019904458598726114
1 0.19809069212410502 0.6624203821656051 0.014916467780429593 0.022292993630573247
1 0.19331742243436753 0.5119426751592356 0.012529832935560859 0.01751592356687898
1 0.19331742243436753 0.45063694267515925 0.014916467780429593 0.021496815286624203
0 0.24284009546539378 0.7762738853503185 0.011336515513126491 0.02308917197452229