4 0.8009072580645161 0.28158602150537637 0.011088709677419355 0.01478494623655914
4 0.7913306451612904 0.28158602150537637 0.010080645161290322 0.01478494623655914
4 0.7661290322580645 0.28158602150537637 0.011592741935483871 0.016129032258064516
4 0.7560483870967742 0.28158602150537637 0.009072580645161291 0.01478494623655914
4 0.7303427419354839 0.28225806451612906 0.010584677419354838 0.015456989247311828
4 0.7207661290322581 0.28091397849462363 0.009576612903225807 0.01478494623655914
4 0.6935483870967742 0.28158602150537637 0.010584677419354838 0.016129032258064516
4 0.6829637096774194 0.28091397849462363 0.010080645161290322 0.016129032258064516
4 0.6567540322580645 0.28024193548387094 0.011088709677419355 0.01747311827956989
4 0.6461693548387096 0.27956989247311825 0.010080645161290322 0.01747311827956989
4 0.6179435483870968 0.28024193548387094 0.010080645161290322 0.01747311827956989
4 0.608366935483871 0.27956989247311825 0.010584677419354838 0.01478494623655914
4 0.5801411290322581 0.27956989247311825 0.011088709677419355 0.016801075268817203
4 0.5690524193548387 0.28024193548387094 0.011088709677419355 0.016129032258064516
4 0.5403225806451613 0.28091397849462363 0.011088709677419355 0.01747311827956989
4 0.5297379032258065 0.28091397849462363 0.010584677419354838 0.015456989247311828
4 0.5020161290322581 0.28091397849462363 0.011088709677419355 0.016801075268817203
4 0.4909274193548387 0.27956989247311825 0.010584677419354838 0.016129032258064516
4 0.4621975806451613 0.28024193548387094 0.011592741935483871 0.01747311827956989
4 0.45110887096774194 0.27956989247311825 0.010080645161290322 0.01478494623655914
4 0.4022177419354839 0.28091397849462363 0.011088709677419355 0.01747311827956989
4 0.3911290322580645 0.28024193548387094 0.010080645161290322 0.01478494623655914
4 0.3634072580645161 0.28158602150537637 0.011592741935483871 0.016129032258064516
4 0.3528225806451613 0.28158602150537637 0.010584677419354838 0.016801075268817203
4 0.3245967741935484 0.28225806451612906 0.011592741935483871 0.01747311827956989
4 0.31451612903225806 0.28293010752688175 0.010080645161290322 0.016801075268817203
4 0.2862903225806452 0.2842741935483871 0.010584677419354838 0.018145161290322582
4 0.2757056451612903 0.2842741935483871 0.011088709677419355 0.01478494623655914
4 0.24949596774193547 0.2862903225806452 0.012096774193548387 0.01747311827956989
4 0.23891129032258066 0.2862903225806452 0.010584677419354838 0.01747311827956989
4 0.21169354838709678 0.28830645161290325 0.011088709677419355 0.018145161290322582
4 0.20211693548387097 0.28830645161290325 0.011088709677419355 0.01747311827956989
4 0.17691532258064516 0.2896505376344086 0.010584677419354838 0.01747311827956989
4 0.1663306451612903 0.2903225806451613 0.011088709677419355 0.015456989247311828
4 0.14112903225806453 0.2923387096774194 0.011088709677419355 0.016801075268817203
4 0.1310483870967742 0.2916666666666667 0.010080645161290322 0.015456989247311828
4 0.10735887096774194 0.29435483870967744 0.011088709677419355 0.01747311827956989
4 0.09778225806451613 0.29435483870967744 0.010080645161290322 0.015456989247311828
4 0.0751008064516129 0.2963709677419355 0.011088709677419355 0.01881720430107527
4 0.0655241935483871 0.2963709677419355 0.010080645161290322 0.016801075268817203
4 0.023689516129032258 0.13978494623655913 0.011592741935483871 0.01747311827956989
4 0.10181451612903226 0.12634408602150538 0.009072580645161291 0.013440860215053764
4 0.1350806451612903 0.12365591397849462 0.011088709677419355 0.016801075268817203
4 0.2590725806451613 0.11088709677419355 0.01310483870967742 0.016801075268817203
4 0.29586693548387094 0.10887096774193548 0.01310483870967742 0.01747311827956989
4 0.42943548387096775 0.10349462365591398 0.012600806451612902 0.020161290322580645
4 0.3901209677419355 0.1028225806451613 0.010584677419354838 0.016129032258064516
2 0.7474798387096774 0.10685483870967742 0.016129032258064516 0.02217741935483871
1 0.9753024193548387 0.1821236559139785 0.012096774193548387 0.016129032258064516