4 0.16941176470588235 0.8139717425431711 0.012352941176470587 0.014913657770800628
4 0.16823529411764707 0.7566718995290423 0.013529411764705882 0.015698587127158554
4 0.16411764705882353 0.6098901098901099 0.011176470588235295 0.014913657770800628
4 0.16470588235294117 0.5478806907378336 0.012941176470588235 0.016483516483516484
4 0.3211764705882353 0.022762951334379906 0.012352941176470587 0.015698587127158554
4 0.3205882352941177 0.03924646781789639 0.012352941176470587 0.01726844583987441
4 0.32 0.07927786499215071 0.011764705882352941 0.016483516483516484
4 0.32 0.09497645211930926 0.012941176470588235 0.01726844583987441
4 0.31941176470588234 0.13657770800627944 0.014705882352941176 0.01726844583987441
4 0.31941176470588234 0.15384615384615385 0.014705882352941176 0.016483516483516484
4 0.31823529411764706 0.1946624803767661 0.01411764705882353 0.01726844583987441
4 0.31882352941176473 0.21036106750392464 0.014705882352941176 0.01726844583987441
4 0.31941176470588234 0.2543171114599686 0.014705882352941176 0.015698587127158554
4 0.31823529411764706 0.2708006279434851 0.01411764705882353 0.01726844583987441
4 0.31941176470588234 0.3139717425431711 0.01411764705882353 0.01726844583987441
4 0.31882352941176473 0.33124018838304553 0.013529411764705882 0.01726844583987441
4 0.31823529411764706 0.37441130298273156 0.01411764705882353 0.016483516483516484
4 0.31941176470588234 0.391679748822606 0.013529411764705882 0.015698587127158554
4 0.31941176470588234 0.43563579277864994 0.013529411764705882 0.016483516483516484
4 0.31941176470588234 0.45368916797488223 0.012941176470588235 0.015698587127158554
4 0.31941176470588234 0.49921507064364207 0.013529411764705882 0.016483516483516484
4 0.32 0.5164835164835165 0.01411764705882353 0.016483516483516484
4 0.31941176470588234 0.5910518053375197 0.014705882352941176 0.01726844583987441
4 0.31941176470588234 0.609105180533752 0.015294117647058824 0.01726844583987441
4 0.32 0.652276295133438 0.01588235294117647 0.018838304552590265
4 0.32 0.6711145996860283 0.015294117647058824 0.018838304552590265
4 0.32176470588235295 0.7119309262166404 0.01588235294117647 0.01726844583987441
4 0.3211764705882353 0.7291993720565149 0.013529411764705882 0.01726844583987441
4 0.32294117647058823 0.771585557299843 0.013529411764705882 0.016483516483516484
4 0.3211764705882353 0.7896389324960753 0.013529411764705882 0.01726844583987441
4 0.3241176470588235 0.8304552590266876 0.015294117647058824 0.01805337519623234
4 0.3247058823529412 0.847723704866562 0.01411764705882353 0.01726844583987441
4 0.32588235294117646 0.8885400313971743 0.013529411764705882 0.015698587127158554
4 0.3264705882352941 0.902668759811617 0.012941176470588235 0.014913657770800628
4 0.3270588235294118 0.9442700156985872 0.01411764705882353 0.01805337519623234
4 0.32823529411764707 0.9583987441130298 0.014705882352941176 0.01726844583987441
4 0.33029411764705885 0.9945054945054945 0.014705882352941176 0.009419152276295133
2 0.16705882352941176 0.05337519623233909 0.02 0.027472527472527472