2 0.794806517311609 0.9082880434782609 0.012219959266802444 0.016983695652173912
1 0.8482688391038696 0.7309782608695652 0.010692464358452138 0.015625
1 0.8385947046843177 0.7302989130434783 0.010692464358452138 0.014945652173913044
1 0.8131364562118126 0.7296195652173914 0.011710794297352342 0.016983695652173912
1 0.8034623217922607 0.7302989130434783 0.01120162932790224 0.016304347826086956
1 0.7774949083503055 0.7302989130434783 0.012219959266802444 0.017663043478260868
1 0.7668024439918534 0.7309782608695652 0.01120162932790224 0.016304347826086956
1 0.7403258655804481 0.7323369565217391 0.012729124236252547 0.017663043478260868
1 0.730142566191446 0.7309782608695652 0.01120162932790224 0.016304347826086956
1 0.7026476578411406 0.7309782608695652 0.011710794297352342 0.017663043478260868
1 0.6929735234215886 0.733016304347826 0.01120162932790224 0.015625
1 0.6644602851323829 0.733016304347826 0.01120162932790224 0.017663043478260868
1 0.6532586558044806 0.733016304347826 0.012729124236252547 0.016304347826086956
1 0.6252545824847251 0.7323369565217391 0.013238289205702648 0.017663043478260868
1 0.6145621181262729 0.733016304347826 0.012729124236252547 0.017663043478260868
1 0.5865580448065173 0.733016304347826 0.013238289205702648 0.017663043478260868
1 0.575356415478615 0.733016304347826 0.012219959266802444 0.016983695652173912
1 0.5463340122199593 0.733016304347826 0.013238289205702648 0.01970108695652174
1 0.5356415478615071 0.733016304347826 0.013238289205702648 0.018342391304347828
1 0.5071283095723014 0.733016304347826 0.012729124236252547 0.017663043478260868
1 0.4969450101832994 0.7316576086956522 0.012729124236252547 0.017663043478260868
1 0.4465376782077393 0.7323369565217391 0.013238289205702648 0.018342391304347828
1 0.43533604887983707 0.7316576086956522 0.011710794297352342 0.016983695652173912
1 0.4063136456211813 0.7302989130434783 0.012219959266802444 0.018342391304347828
1 0.39613034623217924 0.7309782608695652 0.012219959266802444 0.014945652173913044
1 0.36761710794297353 0.7309782608695652 0.011710794297352342 0.017663043478260868
1 0.3564154786150713 0.7289402173913043 0.012729124236252547 0.017663043478260868
1 0.3289205702647658 0.7289402173913043 0.01120162932790224 0.016983695652173912
1 0.3182281059063136 0.7289402173913043 0.012219959266802444 0.016304347826086956
1 0.29124236252545826 0.7269021739130435 0.012219959266802444 0.017663043478260868
1 0.28105906313645623 0.7275815217391305 0.01120162932790224 0.016304347826086956
1 0.2535641547861507 0.7255434782608695 0.012729124236252547 0.017663043478260868
1 0.24338085539714868 0.7248641304347826 0.01120162932790224 0.016304347826086956
1 0.2174134419551935 0.7235054347826086 0.01120162932790224 0.015625
1 0.20723014256619143 0.7241847826086957 0.011710794297352342 0.017663043478260868
1 0.18228105906313646 0.7221467391304348 0.01120162932790224 0.018342391304347828
1 0.17209775967413443 0.7221467391304348 0.011710794297352342 0.016983695652173912
1 0.14765784114052954 0.7194293478260869 0.012219959266802444 0.017663043478260868
1 0.13747454175152748 0.7194293478260869 0.010692464358452138 0.016304347826086956
1 0.11405295315682282 0.7160326086956522 0.010183299389002037 0.017663043478260868
1 0.10488798370672098 0.7167119565217391 0.011710794297352342 0.015625
0 0.006109979633401222 0.8250679347826086 0.01120162932790224 0.012907608695652174
1 0.03309572301425662 0.8729619565217391 0.010183299389002037 0.014266304347826086
1 0.06262729124236252 0.876358695652174 0.012219959266802444 0.016304347826086956
1 0.1415478615071283 0.889266304347826 0.012219959266802444 0.014945652173913044
1 0.17515274949083504 0.891983695652174 0.013238289205702648 0.017663043478260868
0 0.2652749490835031 0.8552989130434783 0.015784114052953158 0.015625
1 0.30091649694501016 0.9035326086956522 0.01120162932790224 0.015625
1 0.3391038696537678 0.90625 0.013238289205702648 0.018342391304347828
1 0.43431771894093685 0.9110054347826086 0.012219959266802444 0.016304347826086956
1 0.47352342158859473 0.9123641304347826 0.014256619144602852 0.017663043478260868