4 0.2308584686774942 0.32998454404945904 0.01160092807424594 0.019319938176197836
4 0.24187935034802785 0.32921174652241114 0.012761020881670533 0.01777434312210201
4 0.2708816705336427 0.3323029366306028 0.012180974477958236 0.01777434312210201
4 0.28364269141531323 0.32998454404945904 0.013921113689095127 0.017001545595054096
4 0.31206496519721577 0.32998454404945904 0.01334106728538283 0.019319938176197836
4 0.3236658932714617 0.32998454404945904 0.013921113689095127 0.01777434312210201
4 0.35440835266821347 0.32921174652241114 0.012180974477958236 0.019319938176197836
4 0.367169373549884 0.32998454404945904 0.01334106728538283 0.01777434312210201
4 0.39791183294663574 0.32921174652241114 0.01334106728538283 0.017001545595054096
4 0.4095127610208817 0.32921174652241114 0.012761020881670533 0.01854714064914992
4 0.441415313225058 0.32998454404945904 0.014501160092807424 0.02009273570324575
4 0.45359628770301624 0.3276661514683153 0.012761020881670533 0.01854714064914992
4 0.48549883990719256 0.3284389489953632 0.015661252900232018 0.02009273570324575
4 0.4988399071925754 0.3276661514683153 0.01334106728538283 0.020865533230293665
4 0.5307424593967517 0.32921174652241114 0.013921113689095127 0.020865533230293665
4 0.5435034802784223 0.32921174652241114 0.015081206496519721 0.02009273570324575
4 0.5748259860788864 0.32921174652241114 0.015081206496519721 0.019319938176197836
4 0.5893271461716937 0.3284389489953632 0.012761020881670533 0.019319938176197836
4 0.6206496519721578 0.32921174652241114 0.013921113689095127 0.019319938176197836
4 0.6339907192575406 0.3284389489953632 0.012761020881670533 0.02009273570324575
4 0.6902552204176334 0.3284389489953632 0.015081206496519721 0.020865533230293665
4 0.703016241299304 0.32921174652241114 0.01334106728538283 0.02009273570324575
4 0.7337587006960556 0.32998454404945904 0.015081206496519721 0.02009273570324575
4 0.7476798143851509 0.33075734157650694 0.012761020881670533 0.02009273570324575
4 0.7778422273781903 0.33075734157650694 0.016241299303944315 0.020865533230293665
4 0.7911832946635731 0.33075734157650694 0.015081206496519721 0.020865533230293665
4 0.8230858468677494 0.3315301391035549 0.013921113689095127 0.02009273570324575
4 0.83584686774942 0.3323029366306028 0.012761020881670533 0.01777434312210201
4 0.867169373549884 0.33384853168469864 0.012180974477958236 0.02009273570324575
4 0.8793503480278422 0.33384853168469864 0.013921113689095127 0.01854714064914992
4 0.9089327146171694 0.3369397217928903 0.012180974477958236 0.02009273570324575
4 0.9205336426914154 0.3369397217928903 0.012761020881670533 0.01777434312210201
4 0.9501160092807425 0.339258114374034 0.013921113689095127 0.02009273570324575
4 0.9617169373549884 0.3400309119010819 0.012761020881670533 0.017001545595054096
4 0.990139211136891 0.3415765069551777 0.012761020881670533 0.01777434312210201
4 0.9973897911832946 0.3415765069551777 0.004060324825986079 0.02009273570324575
3 0.6142691415313225 0.17465224111282843 0.02262180974477958 0.02241112828438949
2 0.2923433874709977 0.12982998454404945 0.016821345707656612 0.02009273570324575
1 0.029002320185614848 0.21561051004636786 0.012180974477958236 0.01622874806800618