1 0.8134777376654633 0.16292134831460675 0.010830324909747292 0.016051364365971106
1 0.8020457280385078 0.16292134831460675 0.011432009626955475 0.016051364365971106
1 0.7719614921780987 0.16211878009630817 0.012033694344163659 0.01765650080256822
1 0.7611311672683514 0.16211878009630817 0.013237063778580024 0.016853932584269662
1 0.7304452466907341 0.16131621187800962 0.01263537906137184 0.01765650080256822
1 0.7178098676293622 0.16131621187800962 0.013237063778580024 0.016853932584269662
1 0.6859205776173285 0.16051364365971107 0.013237063778580024 0.018459069020866775
1 0.6738868832731648 0.16131621187800962 0.013237063778580024 0.01765650080256822
1 0.641395908543923 0.16131621187800962 0.013237063778580024 0.019261637239165328
1 0.6293622141997594 0.15971107544141253 0.01263537906137184 0.01765650080256822
1 0.5962695547533092 0.16051364365971107 0.013237063778580024 0.020064205457463884
1 0.5836341756919374 0.15971107544141253 0.013237063778580024 0.018459069020866775
1 0.5499398315282792 0.15971107544141253 0.01263537906137184 0.019261637239165328
1 0.5379061371841155 0.15890850722311398 0.01263537906137184 0.01765650080256822
1 0.5042117930204573 0.16051364365971107 0.013237063778580024 0.019261637239165328
1 0.49097472924187724 0.15971107544141253 0.01263537906137184 0.018459069020866775
1 0.4566787003610108 0.16051364365971107 0.01263537906137184 0.018459069020866775
1 0.4446450060168472 0.16051364365971107 0.013237063778580024 0.018459069020866775
1 0.4091456077015644 0.15971107544141253 0.013237063778580024 0.019261637239165328
1 0.39771359807460893 0.15971107544141253 0.013838748495788207 0.01765650080256822
1 0.3381468110709988 0.16051364365971107 0.013237063778580024 0.018459069020866775
1 0.32611311672683513 0.15890850722311398 0.013237063778580024 0.019261637239165328
1 0.29121540312876054 0.16131621187800962 0.01263537906137184 0.019261637239165328
1 0.27918170878459686 0.16051364365971107 0.013237063778580024 0.018459069020866775
1 0.24548736462093862 0.16292134831460675 0.01263537906137184 0.01765650080256822
1 0.23405535499398314 0.16211878009630817 0.01263537906137184 0.01765650080256822
1 0.2003610108303249 0.16292134831460675 0.013237063778580024 0.018459069020866775
1 0.18772563176895307 0.16292134831460675 0.013237063778580024 0.018459069020866775
1 0.154632972322503 0.16613162118780098 0.01263537906137184 0.01765650080256822
1 0.14320096269554752 0.16613162118780098 0.01263537906137184 0.018459069020866775
1 0.11070998796630566 0.16773675762439808 0.011432009626955475 0.01765650080256822
1 0.09987966305655836 0.16773675762439808 0.012033694344163659 0.01765650080256822
1 0.06799037304452467 0.16934189406099517 0.01263537906137184 0.018459069020866775
1 0.056558363417569195 0.1709470304975923 0.01263537906137184 0.019261637239165328
1 0.025872442839951864 0.1725521669341894 0.01263537906137184 0.01765650080256822
1 0.015042117930204572 0.1725521669341894 0.011432009626955475 0.016853932584269662
3 0.06257521058965103 0.02086677367576244 0.02286401925391095 0.024077046548956663
0 0.12575210589651023 0.015248796147672551 0.018050541516245487 0.016853932584269662
3 0.4187725631768953 0.0072231139646869984 0.021660649819494584 0.014446227929373997