1 0.32586933614330876 0.9957865168539326 0.011064278187565859 0.007022471910112359
1 0.3261327713382508 0.9634831460674157 0.011591148577449948 0.013342696629213483
1 0.3256059009483667 0.9508426966292135 0.011064278187565859 0.01544943820224719
1 0.3261327713382508 0.913623595505618 0.011591148577449948 0.014044943820224719
1 0.3261327713382508 0.9002808988764045 0.011591148577449948 0.01544943820224719
1 0.3261327713382508 0.8637640449438202 0.012644889357218124 0.016151685393258428
1 0.32507903055848264 0.848314606741573 0.011591148577449948 0.016151685393258428
1 0.32507903055848264 0.8110955056179775 0.012118018967334035 0.01544943820224719
1 0.32507903055848264 0.7963483146067416 0.011591148577449948 0.014747191011235955
1 0.32507903055848264 0.7577247191011236 0.013171759747102213 0.01544943820224719
1 0.3240252897787144 0.7429775280898876 0.010010537407797681 0.014044943820224719
1 0.32507903055848264 0.7043539325842697 0.011591148577449948 0.016151685393258428
1 0.3240252897787144 0.6903089887640449 0.011591148577449948 0.016853932584269662
1 0.3245521601685985 0.6502808988764045 0.011591148577449948 0.016151685393258428
1 0.3245521601685985 0.6355337078651685 0.012118018967334035 0.016853932584269662
1 0.3240252897787144 0.5948033707865169 0.011064278187565859 0.01544943820224719
1 0.32507903055848264 0.5807584269662921 0.012118018967334035 0.014747191011235955
1 0.32507903055848264 0.5407303370786517 0.013171759747102213 0.014044943820224719
1 0.32507903055848264 0.526685393258427 0.012118018967334035 0.01544943820224719
1 0.32507903055848264 0.4571629213483146 0.012644889357218124 0.016853932584269662
1 0.32507903055848264 0.4431179775280899 0.012118018967334035 0.014747191011235955
1 0.3256059009483667 0.40308988764044945 0.012644889357218124 0.016151685393258428
1 0.3256059009483667 0.3883426966292135 0.012118018967334035 0.016151685393258428
1 0.3256059009483667 0.34901685393258425 0.0136986301369863 0.01544943820224719
1 0.3261327713382508 0.33497191011235955 0.012118018967334035 0.01544943820224719
1 0.32718651211801897 0.29564606741573035 0.0136986301369863 0.01544943820224719
1 0.32718651211801897 0.2816011235955056 0.0136986301369863 0.01544943820224719
1 0.3287671232876712 0.24367977528089887 0.01422550052687039 0.0175561797752809
1 0.3292939936775553 0.22893258426966293 0.011591148577449948 0.01544943820224719
1 0.3303477344573235 0.19171348314606743 0.012644889357218124 0.01544943820224719
1 0.3308746048472076 0.17837078651685392 0.012118018967334035 0.01544943820224719
1 0.33192834562697576 0.14185393258426968 0.013171759747102213 0.01544943820224719
1 0.33192834562697576 0.12780898876404495 0.012644889357218124 0.014747191011235955
1 0.333508956796628 0.09269662921348315 0.0136986301369863 0.014747191011235955
1 0.333508956796628 0.07865168539325842 0.011591148577449948 0.014044943820224719
1 0.3350895679662803 0.04564606741573034 0.011591148577449948 0.014747191011235955
1 0.3350895679662803 0.032303370786516857 0.011064278187565859 0.016853932584269662
1 0.33667017913593256 0.0035112359550561797 0.012644889357218124 0.007022471910112359
1 0.20389884088514226 0.037921348314606744 0.012118018967334035 0.018258426966292134
1 0.20126448893572182 0.08497191011235955 0.012644889357218124 0.016853932584269662
0 0.2297154899894626 0.20926966292134833 0.011591148577449948 0.02247191011235955
1 0.19230769230769232 0.2577247191011236 0.011591148577449948 0.01544943820224719
1 0.19020021074815596 0.30969101123595505 0.0136986301369863 0.018258426966292134
1 0.18598524762908325 0.4417134831460674 0.013171759747102213 0.016853932584269662
1 0.18598524762908325 0.4957865168539326 0.013171759747102213 0.018258426966292134
2 0.18914646996838777 0.9382022471910112 0.0136986301369863 0.018258426966292134