2 0.7686104218362283 0.8791390728476821 0.01488833746898263 0.018211920529801324
1 0.6073200992555832 0.9668874172185431 0.01240694789081886 0.014900662251655629
1 0.6073200992555832 0.9511589403973509 0.01240694789081886 0.015728476821192054
1 0.607940446650124 0.9097682119205298 0.013647642679900745 0.016556291390728478
1 0.607940446650124 0.8948675496688742 0.013027295285359801 0.018211920529801324
1 0.608560794044665 0.8526490066225165 0.013647642679900745 0.0173841059602649
1 0.608560794044665 0.8352649006622517 0.013027295285359801 0.018211920529801324
1 0.609181141439206 0.7913907284768212 0.014267990074441687 0.018211920529801324
1 0.608560794044665 0.7748344370860927 0.013647642679900745 0.018211920529801324
1 0.608560794044665 0.7301324503311258 0.01488833746898263 0.018211920529801324
1 0.6098014888337469 0.7135761589403974 0.013647642679900745 0.0173841059602649
1 0.609181141439206 0.668046357615894 0.015508684863523574 0.018211920529801324
1 0.6098014888337469 0.6506622516556292 0.014267990074441687 0.018211920529801324
1 0.6098014888337469 0.6043046357615894 0.01488833746898263 0.0173841059602649
1 0.6104218362282878 0.5877483443708609 0.013647642679900745 0.0173841059602649
1 0.609181141439206 0.5413907284768212 0.01488833746898263 0.018211920529801324
1 0.6098014888337469 0.5231788079470199 0.014267990074441687 0.0173841059602649
1 0.609181141439206 0.4759933774834437 0.014267990074441687 0.0173841059602649
1 0.609181141439206 0.4594370860927152 0.014267990074441687 0.018211920529801324
1 0.6098014888337469 0.4105960264900662 0.01488833746898263 0.018211920529801324
1 0.6098014888337469 0.39486754966887416 0.013647642679900745 0.01903973509933775
1 0.609181141439206 0.3129139072847682 0.014267990074441687 0.018211920529801324
1 0.6104218362282878 0.29635761589403975 0.01488833746898263 0.018211920529801324
1 0.608560794044665 0.24834437086092714 0.01488833746898263 0.0173841059602649
1 0.609181141439206 0.23178807947019867 0.014267990074441687 0.018211920529801324
1 0.6073200992555832 0.18543046357615894 0.013647642679900745 0.0173841059602649
1 0.607940446650124 0.1697019867549669 0.013647642679900745 0.0173841059602649
1 0.6073200992555832 0.12334437086092716 0.014267990074441687 0.018211920529801324
1 0.6073200992555832 0.10596026490066225 0.014267990074441687 0.018211920529801324
1 0.6048387096774194 0.060430463576158944 0.013647642679900745 0.0173841059602649
1 0.6048387096774194 0.04470198675496689 0.014267990074441687 0.0173841059602649
1 0.6039081885856079 0.0041390728476821195 0.014267990074441687 0.008278145695364239
0 0.7214640198511166 0.020695364238410598 0.013027295285359801 0.024834437086092714
1 0.7661290322580645 0.07698675496688742 0.013647642679900745 0.018211920529801324
1 0.7679900744416873 0.1390728476821192 0.014267990074441687 0.0173841059602649
1 0.7729528535980149 0.2947019867549669 0.01240694789081886 0.018211920529801324
1 0.7723325062034739 0.3576158940397351 0.013647642679900745 0.01903973509933775
3 0.7320099255583127 0.423841059602649 0.018610421836228287 0.028973509933774833