4 0.7315394242803505 0.8898163606010017 0.011889862327909888 0.01335559265442404
4 0.7321652065081352 0.8731218697829716 0.016270337922403004 0.01669449081803005
4 0.7315394242803505 0.8330550918196995 0.01376720901126408 0.017529215358931552
4 0.7321652065081352 0.8163606010016694 0.013141426783479349 0.01669449081803005
4 0.7327909887359199 0.7737896494156928 0.015018773466833541 0.018363939899833055
4 0.7321652065081352 0.7570951585976627 0.01376720901126408 0.01669449081803005
4 0.7327909887359199 0.7128547579298832 0.014392991239048811 0.017529215358931552
4 0.7327909887359199 0.6953255425709516 0.01376720901126408 0.015859766277128547
4 0.7334167709637046 0.6502504173622704 0.015018773466833541 0.018363939899833055
4 0.7340425531914894 0.6327212020033389 0.015644555694618274 0.019198664440734557
4 0.7334167709637046 0.5876460767946577 0.016270337922403004 0.018363939899833055
4 0.7334167709637046 0.5701168614357263 0.01376720901126408 0.018363939899833055
4 0.7334167709637046 0.5225375626043406 0.016270337922403004 0.021702838063439065
4 0.7346683354192741 0.505008347245409 0.015644555694618274 0.020868113522537562
4 0.7340425531914894 0.4582637729549249 0.016270337922403004 0.019198664440734557
4 0.7334167709637046 0.44156928213689484 0.015018773466833541 0.017529215358931552
4 0.7327909887359199 0.39398998330550916 0.015644555694618274 0.02003338898163606
4 0.7334167709637046 0.3764607679465776 0.01376720901126408 0.018363939899833055
4 0.7334167709637046 0.3297161936560935 0.016270337922403004 0.020868113522537562
4 0.7334167709637046 0.3096828046744574 0.014392991239048811 0.02003338898163606
4 0.7334167709637046 0.2295492487479132 0.015644555694618274 0.019198664440734557
4 0.7321652065081352 0.21118530884808012 0.015644555694618274 0.018363939899833055
4 0.7321652065081352 0.166110183639399 0.015644555694618274 0.018363939899833055
4 0.7321652065081352 0.14691151919866444 0.015644555694618274 0.02003338898163606
4 0.7315394242803505 0.1001669449081803 0.016270337922403004 0.020868113522537562
4 0.730287859824781 0.08347245409015025 0.014392991239048811 0.01669449081803005
4 0.7296620775969962 0.038397328881469114 0.015018773466833541 0.018363939899833055
4 0.7296620775969962 0.02003338898163606 0.016270337922403004 0.018363939899833055