2 0.1525522041763341 0.9853168469860897 0.013921113689095127 0.019319938176197836
1 0.3033642691415313 0.9953632148377125 0.012761020881670533 0.0077279752704791345
1 0.3039443155452436 0.9590417310664606 0.012761020881670533 0.015455950540958269
1 0.302784222737819 0.9443585780525502 0.012761020881670533 0.01622874806800618
1 0.30220417633410673 0.9034003091190108 0.012761020881670533 0.017001545595054096
1 0.302784222737819 0.8879443585780525 0.012761020881670533 0.015455950540958269
1 0.30220417633410673 0.8469860896445132 0.012761020881670533 0.017001545595054096
1 0.30220417633410673 0.8307573415765069 0.01334106728538283 0.01622874806800618
1 0.30162412993039445 0.7874806800618238 0.012761020881670533 0.01622874806800618
1 0.30162412993039445 0.7712519319938176 0.012761020881670533 0.017001545595054096
1 0.30220417633410673 0.7287480680061824 0.01334106728538283 0.017001545595054096
1 0.30104408352668216 0.7125193199381762 0.012761020881670533 0.017001545595054096
1 0.30162412993039445 0.6684698608964451 0.01334106728538283 0.01777434312210201
1 0.30104408352668216 0.6530139103554868 0.012761020881670533 0.017001545595054096
1 0.30162412993039445 0.6089644513137558 0.01334106728538283 0.017001545595054096
1 0.30162412993039445 0.5935085007727975 0.012761020881670533 0.017001545595054096
1 0.30162412993039445 0.5486862442040186 0.01334106728538283 0.017001545595054096
1 0.30162412993039445 0.5324574961360123 0.012761020881670533 0.017001545595054096
1 0.30220417633410673 0.455177743431221 0.012761020881670533 0.017001545595054096
1 0.30104408352668216 0.44049459041731065 0.012761020881670533 0.017001545595054096
1 0.30220417633410673 0.3972179289026275 0.013921113689095127 0.01777434312210201
1 0.302784222737819 0.38098918083462135 0.012761020881670533 0.017001545595054096
1 0.3033642691415313 0.3369397217928903 0.013921113689095127 0.01777434312210201
1 0.3039443155452436 0.321483771251932 0.013921113689095127 0.01777434312210201
1 0.3039443155452436 0.2789799072642968 0.013921113689095127 0.01854714064914992
1 0.30452436194895594 0.26275115919629055 0.01334106728538283 0.01777434312210201
1 0.3056844547563805 0.22102009273570325 0.01334106728538283 0.017001545595054096
1 0.3068445475638051 0.20556414219474498 0.012761020881670533 0.017001545595054096
1 0.3074245939675174 0.16460587326120557 0.012180974477958236 0.01622874806800618
1 0.3074245939675174 0.14992272024729522 0.012180974477958236 0.014683153013910355
1 0.30974477958236657 0.10973724884080371 0.012180974477958236 0.013910355486862442
1 0.30974477958236657 0.09428129829984544 0.01160092807424594 0.015455950540958269
1 0.3109048723897912 0.05564142194744977 0.012180974477958236 0.01622874806800618
1 0.3109048723897912 0.0401854714064915 0.01160092807424594 0.01622874806800618
1 0.31293503480278423 0.005795981452859351 0.01334106728538283 0.011591962905718702
1 0.16589327146171692 0.04636785162287481 0.01160092807424594 0.014683153013910355
3 0.20069605568445475 0.10123647604327667 0.016241299303944315 0.0285935085007728
0 0.19605568445475638 0.18238021638330756 0.01160092807424594 0.02241112828438949
1 0.1554524361948956 0.23647604327666152 0.010440835266821345 0.014683153013910355
1 0.1537122969837587 0.2936630602782071 0.012761020881670533 0.015455950540958269
1 0.14907192575406034 0.43894899536321486 0.01160092807424594 0.015455950540958269
1 0.14907192575406034 0.49845440494590415 0.012761020881670533 0.017001545595054096
3 0.18793503480278423 0.5595054095826894 0.0191415313225058 0.02936630602782071