2 0.1964956195244055 0.8480801335559266 0.015644555694618274 0.022537562604340568
1 0.3598247809762203 0.9357262103505843 0.016270337922403004 0.018363939899833055
1 0.35857321652065083 0.9181969949916527 0.015018773466833541 0.018363939899833055
1 0.3579474342928661 0.8781302170283807 0.015644555694618274 0.019198664440734557
1 0.3579474342928661 0.8589315525876461 0.01376720901126408 0.021702838063439065
1 0.3579474342928661 0.8196994991652755 0.014392991239048811 0.021702838063439065
1 0.35857321652065083 0.8030050083472454 0.014392991239048811 0.021702838063439065
1 0.3591989987484355 0.7587646076794657 0.01376720901126408 0.01669449081803005
1 0.35857321652065083 0.7412353923205343 0.013141426783479349 0.01669449081803005
1 0.3566958698372966 0.6961602671118531 0.016270337922403004 0.02003338898163606
1 0.3573216520650814 0.679465776293823 0.014392991239048811 0.020868113522537562
1 0.3579474342928661 0.6327212020033389 0.016270337922403004 0.021702838063439065
1 0.3566958698372966 0.6168614357262103 0.017521902377972465 0.021702838063439065
1 0.3573216520650814 0.5701168614357263 0.015018773466833541 0.02003338898163606
1 0.3566958698372966 0.5525876460767947 0.014392991239048811 0.019198664440734557
1 0.3579474342928661 0.5058430717863105 0.015644555694618274 0.021702838063439065
1 0.3573216520650814 0.48831385642737896 0.014392991239048811 0.02003338898163606
1 0.3566958698372966 0.44073455759599334 0.015018773466833541 0.021702838063439065
1 0.3566958698372966 0.42237061769616024 0.015018773466833541 0.020868113522537562
1 0.3579474342928661 0.3772954924874791 0.016896120150187734 0.021702838063439065
1 0.3566958698372966 0.3572621035058431 0.015018773466833541 0.020868113522537562
1 0.3579474342928661 0.27629382303839733 0.016270337922403004 0.020868113522537562
1 0.3579474342928661 0.2579298831385643 0.017521902377972465 0.02003338898163606
1 0.3579474342928661 0.21202003338898165 0.018147684605757195 0.022537562604340568
1 0.3566958698372966 0.19365609348914858 0.016896120150187734 0.02337228714524207
1 0.3591989987484355 0.14774624373956594 0.015644555694618274 0.019198664440734557
1 0.35857321652065083 0.1293823038397329 0.016270337922403004 0.022537562604340568
1 0.3598247809762203 0.08347245409015025 0.016270337922403004 0.021702838063439065
1 0.3591989987484355 0.0659432387312187 0.016270337922403004 0.024207011686143573
1 0.36107634543178974 0.021702838063439065 0.016896120150187734 0.021702838063439065
1 0.3617021276595745 0.008347245409015025 0.016270337922403004 0.01669449081803005
1 0.1983729662077597 0.038397328881469114 0.015018773466833541 0.022537562604340568
1 0.19712140175219023 0.1001669449081803 0.01877346683354193 0.021702838063439065
1 0.19211514392991239 0.2570951585976628 0.016270337922403004 0.02003338898163606
1 0.19211514392991239 0.32220367278797996 0.016270337922403004 0.021702838063439065