0 0.19636363636363635 0.8327948303715671 0.012727272727272728 0.02665589660743134
1 0.16484848484848486 0.9749596122778675 0.013939393939393939 0.020193861066235864
1 0.15272727272727274 0.7754442649434572 0.015151515151515152 0.01938610662358643
1 0.15151515151515152 0.7164781906300485 0.01575757575757576 0.0210016155088853
1 0.14666666666666667 0.5638126009693053 0.013333333333333334 0.017770597738287562
1 0.14666666666666667 0.5016155088852988 0.015151515151515152 0.01938610662358643
2 0.15121212121212121 0.0024232633279483036 0.016363636363636365 0.004846526655896607
1 0.30787878787878786 0.020193861066235864 0.01575757575757576 0.018578352180936994
1 0.30787878787878786 0.036348949919224556 0.013939393939393939 0.018578352180936994
1 0.30727272727272725 0.07835218093699516 0.01575757575757576 0.01938610662358643
1 0.30666666666666664 0.09531502423263329 0.015151515151515152 0.017770597738287562
1 0.30606060606060603 0.13893376413570274 0.014545454545454545 0.018578352180936994
1 0.3054545454545455 0.15508885298869143 0.013333333333333334 0.017770597738287562
1 0.30606060606060603 0.20032310177705978 0.015151515151515152 0.018578352180936994
1 0.3054545454545455 0.2172859450726979 0.014545454545454545 0.0210016155088853
1 0.3054545454545455 0.26090468497576735 0.014545454545454545 0.018578352180936994
1 0.30606060606060603 0.2778675282714055 0.013939393939393939 0.01938610662358643
1 0.30666666666666664 0.32310177705977383 0.01575757575757576 0.017770597738287562
1 0.3054545454545455 0.34168012924071084 0.014545454545454545 0.017770597738287562
1 0.30666666666666664 0.3861066235864297 0.015151515151515152 0.0210016155088853
1 0.3054545454545455 0.40387722132471726 0.014545454545454545 0.020193861066235864
1 0.30666666666666664 0.4499192245557351 0.01575757575757576 0.020193861066235864
1 0.30606060606060603 0.4668820678513732 0.013939393939393939 0.0210016155088853
1 0.30666666666666664 0.5452342487883683 0.01575757575757576 0.020193861066235864
1 0.30606060606060603 0.5630048465266559 0.014545454545454545 0.0210016155088853
1 0.30727272727272725 0.6074313408723748 0.016363636363636365 0.020193861066235864
1 0.30666666666666664 0.6252019386106623 0.014545454545454545 0.01938610662358643
1 0.30787878787878786 0.6696284329563813 0.014545454545454545 0.020193861066235864
1 0.30727272727272725 0.6873990306946688 0.014545454545454545 0.0210016155088853
1 0.3084848484848485 0.7318255250403877 0.01575757575757576 0.020193861066235864
1 0.3084848484848485 0.7479806138933764 0.015151515151515152 0.01938610662358643
1 0.3109090909090909 0.7915993537964459 0.01575757575757576 0.01938610662358643
1 0.3109090909090909 0.808562197092084 0.013939393939393939 0.020193861066235864
1 0.31212121212121213 0.8505654281098546 0.01575757575757576 0.018578352180936994
1 0.31212121212121213 0.8675282714054927 0.014545454545454545 0.018578352180936994
1 0.3145454545454546 0.907108239095315 0.01575757575757576 0.017770597738287562
1 0.31393939393939396 0.9248788368336026 0.015151515151515152 0.01938610662358643
1 0.31575757575757574 0.9652665589660743 0.015151515151515152 0.018578352180936994
1 0.31636363636363635 0.9806138933764136 0.013939393939393939 0.016962843295638127