2 0.8180309734513275 0.05530973451327434 0.013827433628318585 0.019174041297935103
1 0.8755530973451328 0.2485250737463127 0.012168141592920354 0.01696165191740413
1 0.8655973451327433 0.24778761061946902 0.011061946902654867 0.015486725663716814
1 0.8379424778761062 0.24778761061946902 0.012168141592920354 0.017699115044247787
1 0.827433628318584 0.24705014749262535 0.012721238938053098 0.017699115044247787
1 0.7997787610619469 0.24705014749262535 0.013827433628318585 0.017699115044247787
1 0.7881637168141593 0.24778761061946902 0.011615044247787611 0.01696165191740413
1 0.7594026548672567 0.24705014749262535 0.011615044247787611 0.01696165191740413
1 0.7483407079646017 0.24705014749262535 0.01327433628318584 0.016224188790560472
1 0.7179203539823009 0.24557522123893805 0.01327433628318584 0.019174041297935103
1 0.706858407079646 0.24557522123893805 0.012168141592920354 0.01696165191740413
1 0.6764380530973452 0.2448377581120944 0.012168141592920354 0.017699115044247787
1 0.6642699115044248 0.24557522123893805 0.012721238938053098 0.017699115044247787
1 0.6344026548672567 0.2448377581120944 0.014380530973451327 0.019174041297935103
1 0.6227876106194691 0.2448377581120944 0.013827433628318585 0.017699115044247787
1 0.5907079646017699 0.24631268436578171 0.012721238938053098 0.019174041297935103
1 0.5790929203539823 0.24631268436578171 0.013827433628318585 0.018436578171091445
1 0.5486725663716814 0.24557522123893805 0.01327433628318584 0.019174041297935103
1 0.536504424778761 0.24557522123893805 0.013827433628318585 0.019174041297935103
1 0.5049778761061947 0.24557522123893805 0.014380530973451327 0.019174041297935103
1 0.4928097345132743 0.24557522123893805 0.013827433628318585 0.019174041297935103
1 0.439712389380531 0.24631268436578171 0.014380530973451327 0.019174041297935103
1 0.42754424778761063 0.24631268436578171 0.014380530973451327 0.019174041297935103
1 0.39767699115044247 0.24631268436578171 0.014380530973451327 0.018436578171091445
1 0.38495575221238937 0.24705014749262535 0.011061946902654867 0.01696165191740413
1 0.35398230088495575 0.24778761061946902 0.01327433628318584 0.019174041297935103
1 0.34236725663716816 0.2485250737463127 0.012721238938053098 0.01696165191740413
1 0.3125 0.25 0.012721238938053098 0.01696165191740413
1 0.3008849557522124 0.24926253687315633 0.013827433628318585 0.01696165191740413
1 0.271570796460177 0.25073746312684364 0.013827433628318585 0.018436578171091445
1 0.2594026548672566 0.25147492625368734 0.014380530973451327 0.019174041297935103
1 0.230641592920354 0.2529498525073746 0.013827433628318585 0.01991150442477876
1 0.2195796460176991 0.2529498525073746 0.013827433628318585 0.01991150442477876
1 0.19081858407079647 0.2558997050147493 0.012721238938053098 0.019174041297935103
1 0.18030973451327434 0.25442477876106195 0.012721238938053098 0.018436578171091445
1 0.15210176991150443 0.25737463126843657 0.011615044247787611 0.018436578171091445
1 0.1415929203539823 0.25737463126843657 0.012168141592920354 0.01696165191740413
1 0.11504424778761062 0.2603244837758112 0.011615044247787611 0.01991150442477876
1 0.103429203539823 0.2610619469026549 0.012168141592920354 0.016224188790560472
1 0.07853982300884955 0.26327433628318586 0.011061946902654867 0.019174041297935103
1 0.06803097345132743 0.2640117994100295 0.012721238938053098 0.01696165191740413
1 0.02267699115044248 0.08923303834808259 0.014380530973451327 0.017699115044247787
1 0.10896017699115045 0.07669616519174041 0.012721238938053098 0.018436578171091445
1 0.14491150442477876 0.07300884955752213 0.012721238938053098 0.02064896755162242
0 0.24280973451327434 0.11283185840707964 0.015486725663716814 0.014011799410029498
1 0.2815265486725664 0.06047197640117994 0.011615044247787611 0.016224188790560472
1 0.3230088495575221 0.05752212389380531 0.01327433628318584 0.02064896755162242
1 0.4269911504424779 0.05235988200589971 0.012168141592920354 0.016224188790560472
1 0.4690265486725664 0.05088495575221239 0.014380530973451327 0.018436578171091445