4 0.8368131868131868 0.27419354838709675 0.008791208791208791 0.013929618768328446
4 0.8258241758241758 0.27346041055718473 0.01098901098901099 0.01906158357771261
4 0.7994505494505495 0.27419354838709675 0.011538461538461539 0.016129032258064516
4 0.7884615384615384 0.27346041055718473 0.01098901098901099 0.015395894428152493
4 0.7604395604395604 0.2727272727272727 0.012087912087912088 0.017595307917888565
4 0.7494505494505495 0.27346041055718473 0.01098901098901099 0.016129032258064516
4 0.7203296703296703 0.2727272727272727 0.011538461538461539 0.01686217008797654
4 0.7087912087912088 0.2727272727272727 0.010439560439560439 0.016129032258064516
4 0.6791208791208792 0.2719941348973607 0.012087912087912088 0.017595307917888565
4 0.6675824175824175 0.27126099706744866 0.012637362637362638 0.018328445747800588
4 0.6379120879120879 0.2719941348973607 0.012087912087912088 0.01906158357771261
4 0.6263736263736264 0.2719941348973607 0.012087912087912088 0.016129032258064516
4 0.595054945054945 0.2719941348973607 0.014285714285714285 0.01906158357771261
4 0.5835164835164836 0.27052785923753664 0.013736263736263736 0.018328445747800588
4 0.5527472527472528 0.27126099706744866 0.012637362637362638 0.01906158357771261
4 0.5417582417582417 0.2719941348973607 0.011538461538461539 0.017595307917888565
4 0.5104395604395604 0.2727272727272727 0.013186813186813187 0.018328445747800588
4 0.4989010989010989 0.2719941348973607 0.012087912087912088 0.016129032258064516
4 0.46813186813186813 0.2719941348973607 0.013736263736263736 0.01906158357771261
4 0.45494505494505494 0.2719941348973607 0.013186813186813187 0.01686217008797654
4 0.4021978021978022 0.2719941348973607 0.012637362637362638 0.018328445747800588
4 0.3901098901098901 0.27346041055718473 0.012087912087912088 0.018328445747800588
4 0.36043956043956044 0.27346041055718473 0.012087912087912088 0.018328445747800588
4 0.3478021978021978 0.27346041055718473 0.013186813186813187 0.018328445747800588
4 0.317032967032967 0.27419354838709675 0.013736263736263736 0.01906158357771261
4 0.30604395604395607 0.2756598240469208 0.01098901098901099 0.01686217008797654
4 0.2763736263736264 0.2763929618768328 0.012087912087912088 0.017595307917888565
4 0.2642857142857143 0.2763929618768328 0.012087912087912088 0.01906158357771261
4 0.23516483516483516 0.2785923753665689 0.011538461538461539 0.01906158357771261
4 0.22362637362637364 0.2785923753665689 0.010439560439560439 0.018328445747800588
4 0.1956043956043956 0.28005865102639294 0.012087912087912088 0.019794721407624633
4 0.1835164835164835 0.2785923753665689 0.011538461538461539 0.01906158357771261
4 0.15604395604395604 0.28225806451612906 0.012637362637362638 0.018328445747800588
4 0.14505494505494507 0.28152492668621704 0.00989010989010989 0.01686217008797654
4 0.11758241758241758 0.28519061583577715 0.012087912087912088 0.01906158357771261
4 0.10714285714285714 0.2844574780058651 0.00934065934065934 0.01686217008797654
4 0.08021978021978023 0.2873900293255132 0.011538461538461539 0.01906158357771261
4 0.07032967032967033 0.2859237536656892 0.010439560439560439 0.01906158357771261
4 0.0456043956043956 0.2903225806451613 0.012087912087912088 0.016129032258064516
4 0.035164835164835165 0.2895894428152493 0.00934065934065934 0.016129032258064516
2 0.7791208791208791 0.08357771260997067 0.015934065934065933 0.02126099706744868