2 0.19947916666666668 0.8868055555555555 0.013541666666666667 0.022916666666666665
1 0.33489583333333334 0.9590277777777778 0.013020833333333334 0.01597222222222222
1 0.334375 0.9465277777777777 0.013541666666666667 0.018055555555555554
1 0.3338541666666667 0.9118055555555555 0.0140625 0.016666666666666666
1 0.334375 0.8979166666666667 0.011979166666666667 0.016666666666666666
1 0.3338541666666667 0.8631944444444445 0.013541666666666667 0.017361111111111112
1 0.3333333333333333 0.8493055555555555 0.013020833333333334 0.018055555555555554
1 0.3338541666666667 0.8131944444444444 0.013541666666666667 0.018055555555555554
1 0.33229166666666665 0.7972222222222223 0.0140625 0.020833333333333332
1 0.3328125 0.7618055555555555 0.013541666666666667 0.01875
1 0.3328125 0.7465277777777778 0.0140625 0.01875
1 0.3338541666666667 0.7104166666666667 0.015104166666666667 0.019444444444444445
1 0.33229166666666665 0.6944444444444444 0.013541666666666667 0.020833333333333332
1 0.3333333333333333 0.6569444444444444 0.014583333333333334 0.02013888888888889
1 0.3328125 0.6416666666666667 0.014583333333333334 0.019444444444444445
1 0.3333333333333333 0.6034722222222222 0.016145833333333335 0.02013888888888889
1 0.33229166666666665 0.5881944444444445 0.014583333333333334 0.018055555555555554
1 0.33229166666666665 0.55 0.015625 0.020833333333333332
1 0.3333333333333333 0.5333333333333333 0.0140625 0.01597222222222222
1 0.33229166666666665 0.49583333333333335 0.0140625 0.017361111111111112
1 0.3328125 0.4777777777777778 0.0140625 0.01875
1 0.3338541666666667 0.41180555555555554 0.015625 0.01875
1 0.33229166666666665 0.3958333333333333 0.015625 0.01875
1 0.3333333333333333 0.3597222222222222 0.016145833333333335 0.022222222222222223
1 0.3328125 0.3423611111111111 0.015625 0.019444444444444445
1 0.33489583333333334 0.3055555555555556 0.014583333333333334 0.019444444444444445
1 0.33489583333333334 0.28888888888888886 0.016145833333333335 0.020833333333333332
1 0.33541666666666664 0.2520833333333333 0.015625 0.01875
1 0.3359375 0.2361111111111111 0.015104166666666667 0.017361111111111112
1 0.33697916666666666 0.2013888888888889 0.015625 0.018055555555555554
1 0.33645833333333336 0.18541666666666667 0.015625 0.018055555555555554
1 0.33697916666666666 0.15138888888888888 0.015625 0.02013888888888889
1 0.3385416666666667 0.1326388888888889 0.015625 0.01875
1 0.33958333333333335 0.10069444444444445 0.015625 0.01875
1 0.33958333333333335 0.08402777777777778 0.015104166666666667 0.018055555555555554
1 0.3411458333333333 0.05347222222222222 0.015104166666666667 0.019444444444444445
1 0.3416666666666667 0.03611111111111111 0.015104166666666667 0.020833333333333332
1 0.34296875 0.007291666666666667 0.0171875 0.014583333333333334
1 0.21484375 0.002777777777777778 0.015104166666666667 0.005555555555555556
1 0.2109375 0.043055555555555555 0.0125 0.01597222222222222
1 0.2015625 0.21388888888888888 0.015625 0.02013888888888889
1 0.20052083333333334 0.26458333333333334 0.0140625 0.019444444444444445
1 0.19479166666666667 0.3958333333333333 0.013541666666666667 0.018055555555555554
1 0.19479166666666667 0.45 0.0140625 0.020833333333333332
0 0.2390625 0.1638888888888889 0.011979166666666667 0.022222222222222223