4 0.25886727688787187 0.9958079268292683 0.013157894736842105 0.006859756097560976
4 0.2585812356979405 0.9641768292682927 0.014302059496567507 0.01753048780487805
4 0.2585812356979405 0.9489329268292683 0.013157894736842105 0.018292682926829267
4 0.2580091533180778 0.9085365853658537 0.014302059496567507 0.01600609756097561
4 0.2585812356979405 0.8917682926829268 0.013157894736842105 0.01753048780487805
4 0.2580091533180778 0.8513719512195121 0.012585812356979404 0.01753048780487805
4 0.2580091533180778 0.8361280487804879 0.013729977116704805 0.01676829268292683
4 0.2585812356979405 0.7942073170731707 0.014874141876430207 0.019054878048780487
4 0.2568649885583524 0.7782012195121951 0.013729977116704805 0.01676829268292683
4 0.2574370709382151 0.7362804878048781 0.014874141876430207 0.020579268292682928
4 0.2568649885583524 0.71875 0.015446224256292907 0.01753048780487805
4 0.2580091533180778 0.676829268292683 0.015446224256292907 0.018292682926829267
4 0.2580091533180778 0.6600609756097561 0.014874141876430207 0.019817073170731708
4 0.2580091533180778 0.6189024390243902 0.014302059496567507 0.019817073170731708
4 0.2574370709382151 0.5998475609756098 0.014302059496567507 0.01676829268292683
4 0.2580091533180778 0.5586890243902439 0.014302059496567507 0.018292682926829267
4 0.2574370709382151 0.5411585365853658 0.014874141876430207 0.01676829268292683
4 0.2574370709382151 0.46722560975609756 0.015446224256292907 0.019817073170731708
4 0.2580091533180778 0.4504573170731707 0.014874141876430207 0.01753048780487805
4 0.2585812356979405 0.4100609756097561 0.014874141876430207 0.019817073170731708
4 0.25915331807780323 0.39176829268292684 0.014874141876430207 0.01676829268292683
4 0.25915331807780323 0.3521341463414634 0.015446224256292907 0.021341463414634148
4 0.25915331807780323 0.33460365853658536 0.015446224256292907 0.019817073170731708
4 0.2597254004576659 0.2926829268292683 0.014874141876430207 0.018292682926829267
4 0.2602974828375286 0.2759146341463415 0.013157894736842105 0.01676829268292683
4 0.261441647597254 0.2347560975609756 0.014874141876430207 0.01600609756097561
4 0.261441647597254 0.21875 0.013729977116704805 0.018292682926829267
4 0.2637299771167048 0.1798780487804878 0.014874141876430207 0.01600609756097561
4 0.2637299771167048 0.16463414634146342 0.013157894736842105 0.01676829268292683
4 0.2654462242562929 0.12576219512195122 0.014874141876430207 0.018292682926829267
4 0.2660183066361556 0.11051829268292683 0.012585812356979404 0.01676829268292683
4 0.267162471395881 0.07317073170731707 0.013157894736842105 0.01676829268292683
4 0.267162471395881 0.057926829268292686 0.014302059496567507 0.01600609756097561
4 0.26887871853546913 0.022103658536585365 0.014874141876430207 0.01676829268292683
4 0.27030892448512583 0.007621951219512195 0.015446224256292907 0.01524390243902439
3 0.14359267734553777 0.5670731707317073 0.016590389016018305 0.02972560975609756