2 0.8437158469945355 0.8483965014577259 0.01639344262295082 0.02259475218658892
1 0.7021857923497268 0.9256559766763849 0.014754098360655738 0.016034985422740525
1 0.7021857923497268 0.9103498542274052 0.01366120218579235 0.01749271137026239
1 0.7021857923497268 0.8760932944606414 0.01639344262295082 0.018221574344023325
1 0.7027322404371584 0.8607871720116618 0.014754098360655738 0.01749271137026239
1 0.7032786885245902 0.825801749271137 0.01639344262295082 0.018950437317784258
1 0.7027322404371584 0.8075801749271136 0.015846994535519125 0.018221574344023325
1 0.7032786885245902 0.7711370262390671 0.01639344262295082 0.018950437317784258
1 0.7038251366120218 0.7551020408163265 0.015300546448087432 0.02040816326530612
1 0.7038251366120218 0.7186588921282799 0.016939890710382512 0.021865889212827987
1 0.7038251366120218 0.7011661807580175 0.01639344262295082 0.02040816326530612
1 0.7038251366120218 0.6625364431486881 0.01639344262295082 0.02040816326530612
1 0.7032786885245902 0.6465014577259475 0.015846994535519125 0.01967930029154519
1 0.7038251366120218 0.6064139941690962 0.015846994535519125 0.016034985422740525
1 0.7038251366120218 0.5903790087463557 0.015300546448087432 0.02040816326530612
1 0.7038251366120218 0.5510204081632653 0.01639344262295082 0.01967930029154519
1 0.7049180327868853 0.5342565597667639 0.014207650273224045 0.01967930029154519
1 0.7038251366120218 0.4956268221574344 0.01639344262295082 0.021865889212827987
1 0.7038251366120218 0.47594752186588923 0.015846994535519125 0.02040816326530612
1 0.7038251366120218 0.4380466472303207 0.01639344262295082 0.01967930029154519
1 0.7054644808743169 0.42128279883381925 0.015300546448087432 0.01967930029154519
1 0.7038251366120218 0.3534985422740525 0.015846994535519125 0.021137026239067054
1 0.7038251366120218 0.33309037900874633 0.016939890710382512 0.018221574344023325
1 0.7032786885245902 0.29518950437317787 0.01639344262295082 0.01967930029154519
1 0.7027322404371584 0.27696793002915454 0.016939890710382512 0.01967930029154519
1 0.7021857923497268 0.23979591836734693 0.015846994535519125 0.021865889212827987
1 0.7010928961748634 0.22084548104956267 0.01639344262295082 0.018221574344023325
1 0.7016393442622951 0.1836734693877551 0.01639344262295082 0.01967930029154519
1 0.7010928961748634 0.1661807580174927 0.01639344262295082 0.018950437317784258
1 0.7 0.12973760932944606 0.01639344262295082 0.02040816326530612
1 0.6994535519125683 0.1129737609329446 0.01639344262295082 0.02040816326530612
1 0.6978142076502732 0.07580174927113703 0.016939890710382512 0.01967930029154519
1 0.6983606557377049 0.0575801749271137 0.01639344262295082 0.021865889212827987
1 0.6967213114754098 0.024052478134110787 0.01639344262295082 0.018950437317784258
1 0.6980874316939891 0.008746355685131196 0.015846994535519125 0.01749271137026239
0 0.8016393442622951 0.08965014577259475 0.014207650273224045 0.030612244897959183
1 0.8426229508196721 0.14212827988338192 0.015300546448087432 0.018950437317784258
1 0.8431693989071039 0.19387755102040816 0.018032786885245903 0.024052478134110787
1 0.848087431693989 0.3338192419825073 0.01639344262295082 0.018950437317784258
1 0.8486338797814208 0.3892128279883382 0.01639344262295082 0.021137026239067054