4 0.29153182308522113 0.007194244604316547 0.012405609492988134 0.014388489208633094
4 0.2912621359223301 0.019424460431654675 0.011866235167206042 0.014388489208633094
4 0.2912621359223301 0.05539568345323741 0.012944983818770227 0.016546762589928057
4 0.2912621359223301 0.06978417266187051 0.011866235167206042 0.012949640287769784
4 0.2918015102481122 0.10647482014388489 0.012405609492988134 0.015107913669064749
4 0.29072276159654803 0.12014388489208633 0.011866235167206042 0.013669064748201438
4 0.2912621359223301 0.15899280575539568 0.012944983818770227 0.015107913669064749
4 0.29072276159654803 0.17410071942446043 0.012944983818770227 0.014388489208633094
4 0.2901833872707659 0.21151079136690648 0.014023732470334413 0.015827338129496403
4 0.2896440129449838 0.22661870503597123 0.014023732470334413 0.014388489208633094
4 0.2901833872707659 0.2669064748201439 0.014023732470334413 0.014388489208633094
4 0.2896440129449838 0.2805755395683453 0.011866235167206042 0.015107913669064749
4 0.2896440129449838 0.320863309352518 0.01348435814455232 0.015827338129496403
4 0.2901833872707659 0.3366906474820144 0.012944983818770227 0.015827338129496403
4 0.29072276159654803 0.3776978417266187 0.014023732470334413 0.015827338129496403
4 0.29072276159654803 0.39280575539568346 0.012405609492988134 0.015107913669064749
4 0.29072276159654803 0.43237410071942445 0.01348435814455232 0.015827338129496403
4 0.2896440129449838 0.4482014388489209 0.012944983818770227 0.015107913669064749
4 0.2901833872707659 0.4892086330935252 0.014023732470334413 0.016546762589928057
4 0.2896440129449838 0.5050359712230216 0.011866235167206042 0.014388489208633094
4 0.29072276159654803 0.5748201438848921 0.014023732470334413 0.015827338129496403
4 0.2901833872707659 0.5906474820143884 0.011866235167206042 0.014388489208633094
4 0.2912621359223301 0.6302158273381295 0.012944983818770227 0.016546762589928057
4 0.2912621359223301 0.6453237410071943 0.01348435814455232 0.015107913669064749
4 0.2918015102481122 0.685611510791367 0.014023732470334413 0.016546762589928057
4 0.2923408845738943 0.7 0.01348435814455232 0.014388489208633094
4 0.29341963322545844 0.7402877697841727 0.014563106796116505 0.015107913669064749
4 0.29341963322545844 0.7553956834532374 0.011866235167206042 0.015827338129496403
4 0.29503775620280476 0.7928057553956834 0.014023732470334413 0.017266187050359712
4 0.29503775620280476 0.8079136690647482 0.014023732470334413 0.015107913669064749
4 0.296655879180151 0.8467625899280575 0.014563106796116505 0.015827338129496403
4 0.296655879180151 0.860431654676259 0.014023732470334413 0.015827338129496403
4 0.2977346278317152 0.8964028776978418 0.014023732470334413 0.015107913669064749
4 0.2982740021574973 0.9115107913669065 0.012405609492988134 0.015827338129496403
4 0.2998921251348436 0.9474820143884892 0.01348435814455232 0.015827338129496403
4 0.2993527508090615 0.9618705035971223 0.012405609492988134 0.014388489208633094
4 0.3017799352750809 0.9935251798561151 0.014563106796116505 0.011510791366906475
4 0.1645091693635383 0.956115107913669 0.01348435814455232 0.015827338129496403
4 0.15426105717367852 0.779136690647482 0.01348435814455232 0.01870503597122302
4 0.15264293419633226 0.7266187050359713 0.014023732470334413 0.01870503597122302
4 0.1483279395900755 0.5359712230215827 0.016181229773462782 0.017985611510791366
4 0.14778856526429343 0.5920863309352518 0.012944983818770227 0.015107913669064749
2 0.15102481121898598 0.08201438848920864 0.01779935275080906 0.02302158273381295