2 0.23839907192575405 0.1391035548686244 0.015661252900232018 0.019319938176197836
1 0.17749419953596288 0.3408037094281298 0.012761020881670533 0.02009273570324575
1 0.18967517401392112 0.339258114374034 0.012761020881670533 0.01854714064914992
1 0.21751740139211137 0.3384853168469861 0.01334106728538283 0.019319938176197836
1 0.2308584686774942 0.3384853168469861 0.015081206496519721 0.017001545595054096
1 0.2581206496519722 0.3384853168469861 0.015081206496519721 0.01777434312210201
1 0.2697215777262181 0.339258114374034 0.015081206496519721 0.01777434312210201
1 0.3004640371229698 0.3400309119010819 0.01160092807424594 0.017001545595054096
1 0.31264501160092806 0.339258114374034 0.01160092807424594 0.01622874806800618
1 0.3439675174013921 0.3369397217928903 0.013921113689095127 0.02009273570324575
1 0.35556844547563804 0.3377125193199382 0.014501160092807424 0.01777434312210201
1 0.3880510440835267 0.3384853168469861 0.015081206496519721 0.02009273570324575
1 0.3990719257540603 0.3369397217928903 0.015081206496519721 0.021638330757341576
1 0.43155452436194897 0.3377125193199382 0.013921113689095127 0.01854714064914992
1 0.4437354988399072 0.3369397217928903 0.01334106728538283 0.01777434312210201
1 0.4762180974477958 0.3384853168469861 0.015081206496519721 0.019319938176197836
1 0.48839907192575405 0.3377125193199382 0.013921113689095127 0.01777434312210201
1 0.521461716937355 0.3369397217928903 0.015081206496519721 0.01854714064914992
1 0.5342227378190255 0.3369397217928903 0.014501160092807424 0.01854714064914992
1 0.5655452436194895 0.3384853168469861 0.015081206496519721 0.020865533230293665
1 0.5794663573085846 0.3369397217928903 0.014501160092807424 0.01854714064914992
1 0.6357308584686775 0.3384853168469861 0.014501160092807424 0.02009273570324575
1 0.648491879350348 0.3384853168469861 0.013921113689095127 0.021638330757341576
1 0.6803944315545244 0.3384853168469861 0.015661252900232018 0.02241112828438949
1 0.6931554524361949 0.3369397217928903 0.016241299303944315 0.020865533230293665
1 0.7250580046403712 0.3400309119010819 0.01334106728538283 0.019319938176197836
1 0.7378190255220418 0.339258114374034 0.015661252900232018 0.02009273570324575
1 0.7697215777262181 0.3408037094281298 0.015081206496519721 0.02009273570324575
1 0.7819025522041764 0.3400309119010819 0.016821345707656612 0.02009273570324575
1 0.8126450116009281 0.34234930448222567 0.015081206496519721 0.020865533230293665
1 0.824245939675174 0.34312210200927357 0.015081206496519721 0.019319938176197836
1 0.855568445475638 0.3454404945904173 0.015081206496519721 0.020865533230293665
1 0.867169373549884 0.3446676970633694 0.014501160092807424 0.019319938176197836
1 0.8955916473317865 0.34853168469860896 0.015081206496519721 0.02009273570324575
1 0.9083526682134571 0.34698608964451316 0.01334106728538283 0.01777434312210201
1 0.9361948955916474 0.34853168469860896 0.012761020881670533 0.021638330757341576
1 0.9477958236658933 0.3508500772797527 0.012761020881670533 0.019319938176197836
1 0.9756380510440835 0.3516228748068006 0.015081206496519721 0.019319938176197836
1 0.9866589327146171 0.35239567233384855 0.012180974477958236 0.020865533230293665
0 0.8410672853828306 0.19783616692426584 0.021461716937354988 0.017001545595054096
1 0.9825986078886311 0.160741885625966 0.016241299303944315 0.02009273570324575
1 0.9443155452436195 0.1553323029366306 0.015081206496519721 0.02009273570324575
1 0.8010440835266821 0.14142194744976816 0.015661252900232018 0.01854714064914992
1 0.7581206496519721 0.13987635239567234 0.015081206496519721 0.023183925811437404
1 0.6490719257540604 0.13369397217928902 0.013921113689095127 0.02009273570324575
1 0.6038283062645011 0.13369397217928902 0.015081206496519721 0.02009273570324575