1 0.8860619469026548 0.2588495575221239 0.011061946902654867 0.016224188790560472
1 0.8766592920353983 0.25737463126843657 0.011061946902654867 0.014749262536873156
1 0.8484513274336283 0.2581120943952802 0.010508849557522125 0.016224188790560472
1 0.838495575221239 0.25737463126843657 0.012168141592920354 0.015486725663716814
1 0.8091814159292036 0.2581120943952802 0.011061946902654867 0.016224188790560472
1 0.7986725663716814 0.2581120943952802 0.012168141592920354 0.016224188790560472
1 0.7699115044247787 0.2581120943952802 0.012721238938053098 0.017699115044247787
1 0.7577433628318584 0.25663716814159293 0.012721238938053098 0.016224188790560472
1 0.728429203539823 0.25663716814159293 0.012168141592920354 0.01696165191740413
1 0.7168141592920354 0.25663716814159293 0.011615044247787611 0.016224188790560472
1 0.6863938053097345 0.25663716814159293 0.012168141592920354 0.018436578171091445
1 0.6747787610619469 0.2551622418879056 0.011061946902654867 0.014011799410029498
1 0.644358407079646 0.25663716814159293 0.012721238938053098 0.016224188790560472
1 0.6332964601769911 0.2551622418879056 0.01327433628318584 0.016224188790560472
1 0.6017699115044248 0.2558997050147493 0.012721238938053098 0.016224188790560472
1 0.5901548672566371 0.2558997050147493 0.01327433628318584 0.01696165191740413
1 0.558075221238938 0.2551622418879056 0.012168141592920354 0.015486725663716814
1 0.5470132743362832 0.25663716814159293 0.011615044247787611 0.01696165191740413
1 0.5154867256637168 0.25663716814159293 0.011061946902654867 0.018436578171091445
1 0.504424778761062 0.25663716814159293 0.012168141592920354 0.01696165191740413
1 0.44966814159292035 0.25663716814159293 0.01327433628318584 0.017699115044247787
1 0.43860619469026546 0.25663716814159293 0.011615044247787611 0.01696165191740413
1 0.40707964601769914 0.25737463126843657 0.012721238938053098 0.017699115044247787
1 0.3954646017699115 0.25737463126843657 0.012721238938053098 0.01696165191740413
1 0.3644911504424779 0.25737463126843657 0.012168141592920354 0.019174041297935103
1 0.353429203539823 0.2581120943952802 0.012168141592920354 0.01696165191740413
1 0.32245575221238937 0.25958702064896755 0.012168141592920354 0.019174041297935103
1 0.31139380530973454 0.25958702064896755 0.012168141592920354 0.019174041297935103
1 0.2815265486725664 0.2617994100294985 0.013827433628318585 0.01991150442477876
1 0.26991150442477874 0.26253687315634217 0.012168141592920354 0.016224188790560472
1 0.24059734513274336 0.2640117994100295 0.012168141592920354 0.017699115044247787
1 0.23008849557522124 0.26474926253687314 0.012168141592920354 0.01696165191740413
1 0.2013274336283186 0.2662241887905605 0.012168141592920354 0.018436578171091445
1 0.1902654867256637 0.2662241887905605 0.011615044247787611 0.017699115044247787
1 0.16261061946902655 0.26843657817109146 0.011615044247787611 0.019174041297935103
1 0.1515486725663717 0.26843657817109146 0.011061946902654867 0.016224188790560472
1 0.12555309734513273 0.27064896755162243 0.011615044247787611 0.016224188790560472
1 0.11504424778761062 0.27064896755162243 0.01327433628318584 0.015486725663716814
1 0.08904867256637168 0.2728613569321534 0.011061946902654867 0.01696165191740413
1 0.0790929203539823 0.2743362831858407 0.012168141592920354 0.016224188790560472
1 0.003595132743362832 0.10471976401179942 0.006084070796460177 0.016224188790560472
1 0.03373893805309734 0.09882005899705015 0.013827433628318585 0.01696165191740413
1 0.11946902654867257 0.08702064896755163 0.014380530973451327 0.01696165191740413
1 0.15652654867256638 0.08333333333333333 0.01327433628318584 0.017699115044247787
0 0.25442477876106195 0.12315634218289086 0.017699115044247787 0.016224188790560472
1 0.29258849557522126 0.07079646017699115 0.012168141592920354 0.016224188790560472
1 0.33351769911504425 0.06784660766961652 0.014380530973451327 0.019174041297935103
1 0.4375 0.061946902654867256 0.01327433628318584 0.018436578171091445
1 0.48008849557522126 0.061946902654867256 0.014380530973451327 0.018436578171091445
2 0.8285398230088495 0.06637168141592921 0.014380530973451327 0.019174041297935103