0 0.15732265446224256 0.8932926829268293 0.011441647597254004 0.022865853658536585
1 0.2631578947368421 0.022103658536585365 0.017162471395881007 0.019817073170731708
1 0.2637299771167048 0.037347560975609755 0.013157894736842105 0.01753048780487805
1 0.2631578947368421 0.07240853658536585 0.016590389016018305 0.018292682926829267
1 0.2637299771167048 0.08917682926829268 0.014302059496567507 0.014481707317073171
1 0.2625858123569794 0.12652439024390244 0.013729977116704805 0.01753048780487805
1 0.2637299771167048 0.14405487804878048 0.013157894736842105 0.01600609756097561
1 0.2625858123569794 0.1836890243902439 0.016590389016018305 0.019817073170731708
1 0.2620137299771167 0.1989329268292683 0.014874141876430207 0.018292682926829267
1 0.2620137299771167 0.23932926829268292 0.016018306636155607 0.019817073170731708
1 0.2625858123569794 0.25609756097560976 0.017162471395881007 0.019054878048780487
1 0.2625858123569794 0.2972560975609756 0.016590389016018305 0.018292682926829267
1 0.2620137299771167 0.3155487804878049 0.014874141876430207 0.018292682926829267
1 0.2620137299771167 0.35365853658536583 0.017734553775743706 0.020579268292682928
1 0.2625858123569794 0.37271341463414637 0.016018306636155607 0.019054878048780487
1 0.2625858123569794 0.4138719512195122 0.017734553775743706 0.021341463414634148
1 0.2620137299771167 0.4321646341463415 0.016018306636155607 0.018292682926829267
1 0.261441647597254 0.4733231707317073 0.016018306636155607 0.018292682926829267
1 0.2625858123569794 0.4916158536585366 0.017734553775743706 0.01753048780487805
1 0.261441647597254 0.5327743902439024 0.018306636155606407 0.020579268292682928
1 0.261441647597254 0.5487804878048781 0.016018306636155607 0.019817073170731708
1 0.261441647597254 0.6219512195121951 0.017162471395881007 0.018292682926829267
1 0.2602974828375286 0.6402439024390244 0.016018306636155607 0.019817073170731708
1 0.2625858123569794 0.6821646341463414 0.018306636155606407 0.020579268292682928
1 0.2631578947368421 0.6996951219512195 0.017734553775743706 0.022103658536585365
1 0.2637299771167048 0.7400914634146342 0.017162471395881007 0.020579268292682928
1 0.2631578947368421 0.756859756097561 0.014874141876430207 0.01753048780487805
1 0.2648741418764302 0.7987804878048781 0.017162471395881007 0.019054878048780487
1 0.2637299771167048 0.8147865853658537 0.014302059496567507 0.018292682926829267
1 0.2665903890160183 0.854420731707317 0.017162471395881007 0.01753048780487805
1 0.2648741418764302 0.8704268292682927 0.016018306636155607 0.019817073170731708
1 0.26773455377574373 0.9100609756097561 0.01887871853546911 0.019054878048780487
1 0.267162471395881 0.9275914634146342 0.017162471395881007 0.018292682926829267
1 0.26887871853546913 0.9664634146341463 0.015446224256292907 0.018292682926829267
1 0.2700228832951945 0.9817073170731707 0.014302059496567507 0.01600609756097561