0 0.8413677130044843 0.06950672645739911 0.018497757847533634 0.01569506726457399
1 0.976457399103139 0.033632286995515695 0.014013452914798207 0.017937219730941704
1 0.9400224215246636 0.030642750373692077 0.014013452914798207 0.0171898355754858
1 0.8015695067264574 0.01569506726457399 0.013452914798206279 0.01868460388639761
1 0.7606502242152466 0.014200298953662182 0.014573991031390135 0.01943198804185351
1 0.6547085201793722 0.008221225710014948 0.01233183856502242 0.016442451420029897
1 0.6118273542600897 0.008968609865470852 0.014013452914798207 0.017937219730941704
2 0.2589686098654709 0.013452914798206279 0.014573991031390135 0.01943198804185351
1 0.00616591928251121 0.09715994020926756 0.010650224215246636 0.013452914798206279
0 0.00616591928251121 0.17638266068759342 0.011210762331838564 0.014947683109118086
1 0.005605381165919282 0.20590433482810164 0.011210762331838564 0.01569506726457399
1 0.005605381165919282 0.22047832585949179 0.011210762331838564 0.016442451420029897
1 0.19955156950672645 0.2070254110612855 0.01233183856502242 0.017937219730941704
1 0.2102017937219731 0.2070254110612855 0.011771300448430493 0.017937219730941704
1 0.23710762331838564 0.2077727952167414 0.01233183856502242 0.0171898355754858
1 0.24887892376681614 0.2062780269058296 0.01233183856502242 0.017937219730941704
1 0.2774663677130045 0.2070254110612855 0.01289237668161435 0.01943198804185351
1 0.288677130044843 0.2070254110612855 0.01289237668161435 0.0171898355754858
1 0.3178251121076233 0.2062780269058296 0.013452914798206279 0.01943198804185351
1 0.3295964125560538 0.2055306427503737 0.01233183856502242 0.01868460388639761
1 0.3598654708520179 0.20478325859491778 0.01289237668161435 0.017937219730941704
1 0.3710762331838565 0.2040358744394619 0.01233183856502242 0.016442451420029897
1 0.4024663677130045 0.20478325859491778 0.01289237668161435 0.01868460388639761
1 0.414237668161435 0.2040358744394619 0.014573991031390135 0.017937219730941704
1 0.4445067264573991 0.2040358744394619 0.01289237668161435 0.017937219730941704
1 0.4562780269058296 0.20478325859491778 0.013452914798206279 0.0171898355754858
1 0.4876681614349776 0.2055306427503737 0.01233183856502242 0.01943198804185351
1 0.500560538116592 0.2040358744394619 0.01233183856502242 0.017937219730941704
1 0.531390134529148 0.2055306427503737 0.014573991031390135 0.01868460388639761
1 0.5437219730941704 0.2040358744394619 0.014013452914798207 0.017937219730941704
1 0.5756726457399103 0.2055306427503737 0.014013452914798207 0.01943198804185351
1 0.5874439461883408 0.20478325859491778 0.014573991031390135 0.0171898355754858
1 0.6418161434977578 0.2055306427503737 0.014013452914798207 0.01943198804185351
1 0.6541479820627802 0.20478325859491778 0.014573991031390135 0.017937219730941704
1 0.6849775784753364 0.2062780269058296 0.014013452914798207 0.020179372197309416
1 0.6973094170403588 0.2055306427503737 0.013452914798206279 0.017937219730941704
1 0.7281390134529148 0.2070254110612855 0.014013452914798207 0.017937219730941704
1 0.7404708520179372 0.2062780269058296 0.014573991031390135 0.017937219730941704
1 0.7713004484304933 0.2077727952167414 0.014013452914798207 0.01943198804185351
1 0.7825112107623319 0.2077727952167414 0.013452914798206279 0.01868460388639761
1 0.8127802690582959 0.21076233183856502 0.013452914798206279 0.01943198804185351
1 0.8245515695067265 0.21076233183856502 0.014013452914798207 0.0171898355754858
1 0.8536995515695067 0.21225710014947682 0.01289237668161435 0.01943198804185351
1 0.8654708520179372 0.21225710014947682 0.01289237668161435 0.017937219730941704
1 0.8929372197309418 0.21524663677130046 0.01233183856502242 0.01943198804185351
1 0.9052690582959642 0.21449925261584454 0.013452914798206279 0.01868460388639761
1 0.9332959641255605 0.21674140508221226 0.01289237668161435 0.01868460388639761
1 0.9439461883408071 0.21748878923766815 0.011771300448430493 0.0171898355754858
1 0.9708520179372198 0.21973094170403587 0.01233183856502242 0.016442451420029897
1 0.9815022421524664 0.21973094170403587 0.01233183856502242 0.016442451420029897