1 0.8514225500526871 0.26896067415730335 0.009483667017913594 0.012640449438202247
1 0.8414120126448894 0.26825842696629215 0.01053740779768177 0.013342696629213483
1 0.8145416227608009 0.26825842696629215 0.011064278187565859 0.014747191011235955
1 0.8050579557428873 0.26685393258426965 0.011591148577449948 0.01544943820224719
1 0.7781875658587988 0.2675561797752809 0.011064278187565859 0.01544943820224719
1 0.7676501580611169 0.2675561797752809 0.011591148577449948 0.014747191011235955
1 0.7397260273972602 0.26825842696629215 0.012644889357218124 0.016151685393258428
1 0.7291886195995785 0.2675561797752809 0.011591148577449948 0.016853932584269662
1 0.7012644889357218 0.26685393258426965 0.012118018967334035 0.01544943820224719
1 0.69072708113804 0.26685393258426965 0.012644889357218124 0.016151685393258428
1 0.6612223393045311 0.2654494382022472 0.012118018967334035 0.01544943820224719
1 0.6506849315068494 0.26615168539325845 0.011064278187565859 0.01544943820224719
1 0.6206533192834562 0.26685393258426965 0.011591148577449948 0.01544943820224719
1 0.6095890410958904 0.26615168539325845 0.012644889357218124 0.016853932584269662
1 0.5800842992623815 0.26615168539325845 0.011591148577449948 0.016853932584269662
1 0.5684931506849316 0.2654494382022472 0.011591148577449948 0.01544943820224719
1 0.5389884088514225 0.26685393258426965 0.011591148577449948 0.0175561797752809
1 0.5279241306638567 0.26615168539325845 0.011591148577449948 0.01544943820224719
1 0.49789251844046367 0.26685393258426965 0.011591148577449948 0.016151685393258428
1 0.4868282402528978 0.26685393258426965 0.012644889357218124 0.018258426966292134
1 0.4357218124341412 0.26685393258426965 0.012118018967334035 0.016151685393258428
1 0.42413066385669124 0.26615168539325845 0.011591148577449948 0.016853932584269662
1 0.3946259220231823 0.2675561797752809 0.011064278187565859 0.018258426966292134
1 0.38303477344573233 0.2675561797752809 0.013171759747102213 0.018960674157303372
1 0.3535300316122234 0.26825842696629215 0.012118018967334035 0.018258426966292134
1 0.3424657534246575 0.2696629213483146 0.011591148577449948 0.018258426966292134
1 0.31454162276080083 0.27036516853932585 0.011591148577449948 0.018258426966292134
1 0.3029504741833509 0.2696629213483146 0.011591148577449948 0.0175561797752809
1 0.27502634351949423 0.2717696629213483 0.013171759747102213 0.019662921348314606
1 0.26396206533192834 0.27247191011235955 0.011591148577449948 0.018258426966292134
1 0.23603793466807166 0.27457865168539325 0.011591148577449948 0.0175561797752809
1 0.2249736564805058 0.273876404494382 0.012644889357218124 0.0175561797752809
1 0.19915700737618547 0.27457865168539325 0.011591148577449948 0.01544943820224719
1 0.1880927291886196 0.2752808988764045 0.01053740779768177 0.018258426966292134
1 0.16280295047418336 0.27598314606741575 0.011591148577449948 0.01544943820224719
1 0.1517386722866175 0.27668539325842695 0.010010537407797681 0.016853932584269662
1 0.12592202318229714 0.28019662921348315 0.011064278187565859 0.016853932584269662
1 0.11643835616438356 0.2794943820224719 0.011064278187565859 0.01544943820224719
1 0.09220231822971549 0.2816011235955056 0.012644889357218124 0.0175561797752809
1 0.08166491043203372 0.2808988764044944 0.013171759747102213 0.016151685393258428
1 0.00684931506849315 0.12148876404494383 0.009483667017913594 0.014044943820224719
1 0.037934668071654375 0.1172752808988764 0.011591148577449948 0.014747191011235955
1 0.12012644889357219 0.10463483146067416 0.012644889357218124 0.013342696629213483
1 0.15489989462592202 0.10182584269662921 0.013171759747102213 0.016151685393258428
1 0.285563751317176 0.08918539325842696 0.013171759747102213 0.01544943820224719
1 0.32349841938883034 0.08707865168539326 0.014752370916754479 0.0175561797752809
1 0.4230769230769231 0.08146067415730338 0.011591148577449948 0.014747191011235955
1 0.4636459430979979 0.08146067415730338 0.01422550052687039 0.0175561797752809
0 0.24815595363540568 0.13974719101123595 0.015279241306638568 0.013342696629213483
2 0.7955742887249737 0.08637640449438203 0.0136986301369863 0.018258426966292134