1 0.7551143200962696 0.004414125200642055 0.018050541516245487 0.00882825040128411
1 0.7551143200962696 0.016051364365971106 0.015042117930204572 0.016853932584269662
1 0.7551143200962696 0.056179775280898875 0.015643802647412757 0.01765650080256822
1 0.7545126353790613 0.0738362760834671 0.015643802647412757 0.019261637239165328
1 0.7563176895306859 0.11396468699839486 0.017448856799037304 0.019261637239165328
1 0.7551143200962696 0.13242375601926162 0.01684717208182912 0.018459069020866775
1 0.7551143200962696 0.17495987158908508 0.01865222623345367 0.020064205457463884
1 0.7569193742478941 0.19181380417335472 0.016245487364620937 0.020064205457463884
1 0.7569193742478941 0.23354735152487963 0.017448856799037304 0.02086677367576244
1 0.7575210589651022 0.2520064205457464 0.01684717208182912 0.019261637239165328
1 0.7569193742478941 0.2945425361155698 0.018050541516245487 0.023274478330658106
1 0.7569193742478941 0.31380417335473515 0.01684717208182912 0.018459069020866775
1 0.7557160048134778 0.35714285714285715 0.019855595667870037 0.019261637239165328
1 0.7569193742478941 0.37640449438202245 0.019253910950661854 0.021669341894060994
1 0.7569193742478941 0.4189406099518459 0.017448856799037304 0.02086677367576244
1 0.7557160048134778 0.43820224719101125 0.018050541516245487 0.02086677367576244
1 0.7563176895306859 0.48073836276083465 0.016245487364620937 0.02086677367576244
1 0.7575210589651022 0.5 0.01684717208182912 0.020064205457463884
1 0.7563176895306859 0.5778491171749599 0.018050541516245487 0.021669341894060994
1 0.7569193742478941 0.5971107544141252 0.016245487364620937 0.02086677367576244
1 0.7557160048134778 0.6388443017656501 0.019253910950661854 0.02247191011235955
1 0.7551143200962696 0.6581059390048154 0.01684717208182912 0.02086677367576244
1 0.7545126353790613 0.7006420545746388 0.018050541516245487 0.02247191011235955
1 0.7545126353790613 0.7191011235955056 0.016245487364620937 0.019261637239165328
1 0.7539109506618532 0.7616372391653291 0.018050541516245487 0.02086677367576244
1 0.753309265944645 0.7800963081861958 0.018050541516245487 0.021669341894060994
1 0.7521058965102286 0.8226324237560193 0.018050541516245487 0.02086677367576244
1 0.7521058965102286 0.841091492776886 0.01684717208182912 0.019261637239165328
1 0.7503008423586041 0.8812199036918138 0.017448856799037304 0.02086677367576244
1 0.7503008423586041 0.8980738362760835 0.016245487364620937 0.019261637239165328
1 0.7484957882069796 0.9382022471910112 0.015643802647412757 0.01765650080256822
1 0.7484957882069796 0.9542536115569823 0.015042117930204572 0.016853932584269662
1 0.746690734055355 0.9919743178170144 0.01684717208182912 0.014446227929373997