1 0.23346495557749258 0.018421052631578946 0.009378084896347482 0.011842105263157895
1 0.23050345508390918 0.06315789473684211 0.011352418558736426 0.01381578947368421
0 0.25666337611056267 0.17828947368421053 0.009871668311944718 0.019736842105263157
1 0.2211253701875617 0.2243421052631579 0.01085883514313919 0.01381578947368421
1 0.22063178677196446 0.2723684210526316 0.01085883514313919 0.015131578947368421
1 0.21569595261599211 0.3973684210526316 0.008884501480750246 0.013157894736842105
1 0.21569595261599211 0.4473684210526316 0.01085883514313919 0.015789473684210527
2 0.21915103652517276 0.8625 0.012833168805528134 0.017105263157894738
1 0.34797630799605134 0.9315789473684211 0.011352418558736426 0.014473684210526316
1 0.3474827245804541 0.9190789473684211 0.011352418558736426 0.015131578947368421
1 0.3474827245804541 0.8868421052631579 0.012339585389930898 0.015131578947368421
1 0.34698914116485685 0.8730263157894737 0.011352418558736426 0.01644736842105263
1 0.3474827245804541 0.8401315789473685 0.011352418558736426 0.015789473684210527
1 0.3464955577492596 0.8256578947368421 0.011846001974333662 0.017105263157894738
1 0.34698914116485685 0.7914473684210527 0.012339585389930898 0.015131578947368421
1 0.34600197433366237 0.7789473684210526 0.01085883514313919 0.015131578947368421
1 0.34501480750246794 0.7440789473684211 0.011846001974333662 0.014473684210526316
1 0.3455083909180652 0.7296052631578948 0.012339585389930898 0.015131578947368421
1 0.34600197433366237 0.6934210526315789 0.012339585389930898 0.01644736842105263
1 0.34600197433366237 0.6789473684210526 0.011352418558736426 0.015789473684210527
1 0.34600197433366237 0.6427631578947368 0.011352418558736426 0.014473684210526316
1 0.34501480750246794 0.6302631578947369 0.010365251727541954 0.014473684210526316
1 0.34600197433366237 0.5927631578947369 0.011352418558736426 0.014473684210526316
1 0.34600197433366237 0.5789473684210527 0.01085883514313919 0.015131578947368421
1 0.3455083909180652 0.5414473684210527 0.01085883514313919 0.014473684210526316
1 0.34501480750246794 0.5276315789473685 0.011846001974333662 0.015131578947368421
1 0.3455083909180652 0.4901315789473684 0.012833168805528134 0.015789473684210527
1 0.34600197433366237 0.4763157894736842 0.011352418558736426 0.017105263157894738
1 0.34600197433366237 0.41118421052631576 0.011352418558736426 0.015131578947368421
1 0.3455083909180652 0.3986842105263158 0.011352418558736426 0.014473684210526316
1 0.3464955577492596 0.3605263157894737 0.012833168805528134 0.015131578947368421
1 0.3464955577492596 0.3473684210526316 0.01085883514313919 0.014473684210526316
1 0.34698914116485685 0.3111842105263158 0.01085883514313919 0.014473684210526316
1 0.34698914116485685 0.29736842105263156 0.01085883514313919 0.014473684210526316
1 0.3474827245804541 0.26052631578947366 0.011352418558736426 0.014473684210526316
1 0.34797630799605134 0.24802631578947368 0.01085883514313919 0.014473684210526316
1 0.34995064165844025 0.2118421052631579 0.011846001974333662 0.014473684210526316
1 0.34945705824284307 0.1980263157894737 0.01085883514313919 0.013157894736842105
1 0.351431391905232 0.1625 0.011352418558736426 0.014473684210526316
1 0.351431391905232 0.15 0.01085883514313919 0.01381578947368421
1 0.35241855873642647 0.11644736842105263 0.012833168805528134 0.015131578947368421
1 0.3519249753208292 0.10394736842105264 0.01085883514313919 0.014473684210526316
1 0.35340572556762095 0.06973684210526315 0.012339585389930898 0.01381578947368421
1 0.35389930898321814 0.05789473684210526 0.01085883514313919 0.01381578947368421
1 0.35538005923000987 0.02631578947368421 0.01085883514313919 0.014473684210526316
1 0.3558736426456071 0.01381578947368421 0.010365251727541954 0.015789473684210527