1 0.6184863523573201 0.020695364238410598 0.01488833746898263 0.01903973509933775
1 0.619727047146402 0.03890728476821192 0.013647642679900745 0.01903973509933775
1 0.619727047146402 0.08278145695364239 0.014267990074441687 0.018211920529801324
1 0.619727047146402 0.10016556291390728 0.013647642679900745 0.0173841059602649
1 0.619727047146402 0.1456953642384106 0.015508684863523574 0.018211920529801324
1 0.6209677419354839 0.1630794701986755 0.011786600496277916 0.016556291390728478
1 0.619727047146402 0.20860927152317882 0.013647642679900745 0.01903973509933775
1 0.6209677419354839 0.2251655629139073 0.013647642679900745 0.019867549668874173
1 0.6203473945409429 0.2723509933774834 0.013647642679900745 0.01903973509933775
1 0.6203473945409429 0.2897350993377483 0.014267990074441687 0.019867549668874173
1 0.6209677419354839 0.33774834437086093 0.013027295285359801 0.018211920529801324
1 0.619727047146402 0.3543046357615894 0.014267990074441687 0.0173841059602649
1 0.619727047146402 0.4014900662251656 0.015508684863523574 0.016556291390728478
1 0.619727047146402 0.41804635761589404 0.014267990074441687 0.018211920529801324
1 0.619727047146402 0.5 0.01488833746898263 0.019867549668874173
1 0.619727047146402 0.5165562913907285 0.014267990074441687 0.0173841059602649
1 0.6191066997518611 0.5637417218543046 0.01488833746898263 0.01903973509933775
1 0.6191066997518611 0.5811258278145696 0.014267990074441687 0.01903973509933775
1 0.6191066997518611 0.6274834437086093 0.016129032258064516 0.018211920529801324
1 0.6184863523573201 0.6440397350993378 0.014267990074441687 0.018211920529801324
1 0.6172456575682382 0.6903973509933775 0.016129032258064516 0.018211920529801324
1 0.6172456575682382 0.706953642384106 0.016129032258064516 0.018211920529801324
1 0.6153846153846154 0.7516556291390728 0.016749379652605458 0.020695364238410598
1 0.6147642679900744 0.7690397350993378 0.013647642679900745 0.018211920529801324
1 0.6135235732009926 0.8129139072847682 0.01488833746898263 0.018211920529801324
1 0.6129032258064516 0.8286423841059603 0.014267990074441687 0.018211920529801324
1 0.6116625310173698 0.8716887417218543 0.015508684863523574 0.018211920529801324
1 0.6116625310173698 0.8882450331125827 0.01488833746898263 0.0173841059602649
1 0.6098014888337469 0.929635761589404 0.016129032258064516 0.0173841059602649
1 0.6098014888337469 0.9461920529801324 0.013647642679900745 0.016556291390728478
1 0.607940446650124 0.9850993377483444 0.013647642679900745 0.0173841059602649
1 0.607940446650124 0.9950331125827815 0.013647642679900745 0.008278145695364239
1 0.7624069478908189 0.9913079470198676 0.01488833746898263 0.015728476821192054
1 0.7655086848635235 0.9387417218543046 0.01488833746898263 0.019867549668874173
0 0.7320099255583127 0.7922185430463576 0.013647642679900745 0.026490066225165563
1 0.7760545905707196 0.7350993377483444 0.013647642679900745 0.018211920529801324
1 0.7785359801488834 0.6738410596026491 0.016129032258064516 0.02152317880794702
1 0.783498759305211 0.5182119205298014 0.015508684863523574 0.019867549668874173
1 0.783498759305211 0.4544701986754967 0.015508684863523574 0.02152317880794702