2 0.19899874843554444 0.8614357262103506 0.01877346683354193 0.02587646076794658
1 0.36107634543178974 0.9499165275459098 0.016896120150187734 0.018363939899833055
1 0.36107634543178974 0.9323873121869783 0.015644555694618274 0.02003338898163606
1 0.36107634543178974 0.8931552587646077 0.01877346683354193 0.020868113522537562
1 0.360450563204005 0.8756260434056762 0.016896120150187734 0.02003338898163606
1 0.3598247809762203 0.835559265442404 0.01877346683354193 0.021702838063439065
1 0.360450563204005 0.8146911519198664 0.018147684605757195 0.020868113522537562
1 0.3598247809762203 0.7729549248747913 0.01877346683354193 0.021702838063439065
1 0.3591989987484355 0.7545909849749582 0.017521902377972465 0.02337228714524207
1 0.3591989987484355 0.7128547579298832 0.01939924906132666 0.025041736227045076
1 0.3591989987484355 0.6928213689482471 0.01877346683354193 0.02337228714524207
1 0.3591989987484355 0.6485809682804674 0.01877346683354193 0.02337228714524207
1 0.3598247809762203 0.6302170283806344 0.018147684605757195 0.022537562604340568
1 0.3591989987484355 0.5843071786310517 0.018147684605757195 0.018363939899833055
1 0.3591989987484355 0.5659432387312187 0.017521902377972465 0.02337228714524207
1 0.3591989987484355 0.5208681135225376 0.01877346683354193 0.022537562604340568
1 0.3579474342928661 0.501669449081803 0.016270337922403004 0.022537562604340568
1 0.3591989987484355 0.4574290484140234 0.01877346683354193 0.025041736227045076
1 0.3591989987484355 0.4348914858096828 0.018147684605757195 0.02337228714524207
1 0.3591989987484355 0.39148580968280466 0.01877346683354193 0.022537562604340568
1 0.3573216520650814 0.3722871452420701 0.017521902377972465 0.022537562604340568
1 0.3591989987484355 0.29465776293823037 0.018147684605757195 0.024207011686143573
1 0.3591989987484355 0.27128547579298834 0.01939924906132666 0.020868113522537562
1 0.3598247809762203 0.2278797996661102 0.01877346683354193 0.022537562604340568
1 0.360450563204005 0.20701168614357263 0.01939924906132666 0.022537562604340568
1 0.36107634543178974 0.164440734557596 0.018147684605757195 0.025041736227045076
1 0.3623279098873592 0.14273789649415694 0.01877346683354193 0.020868113522537562
1 0.3617021276595745 0.1001669449081803 0.01877346683354193 0.022537562604340568
1 0.3623279098873592 0.08013355592654424 0.01877346683354193 0.021702838063439065
1 0.36357947434292864 0.038397328881469114 0.01877346683354193 0.02337228714524207
1 0.3642052565707134 0.019198664440734557 0.01877346683354193 0.02337228714524207
0 0.24749687108886106 0.005425709515859766 0.016896120150187734 0.010851419031719533
1 0.2002503128911139 0.052587646076794656 0.017521902377972465 0.021702838063439065
1 0.19962453066332916 0.11185308848080133 0.02065081351689612 0.027545909849749584
1 0.1939924906132666 0.27212020033388984 0.01877346683354193 0.021702838063439065
1 0.19336670838548184 0.335559265442404 0.01877346683354193 0.024207011686143573