4 0.6752786220871327 0.05810810810810811 0.011144883485309016 0.014864864864864866
4 0.6752786220871327 0.07094594594594594 0.011144883485309016 0.013513513513513514
4 0.6752786220871327 0.10472972972972973 0.0121580547112462 0.015540540540540541
4 0.6752786220871327 0.11824324324324324 0.011144883485309016 0.012162162162162163
4 0.6747720364741642 0.1527027027027027 0.01165146909827761 0.01418918918918919
4 0.6757852077001013 0.16554054054054054 0.011144883485309016 0.012837837837837839
4 0.6752786220871327 0.20202702702702702 0.0121580547112462 0.01418918918918919
4 0.6757852077001013 0.21621621621621623 0.0121580547112462 0.013513513513513514
4 0.6762917933130699 0.25135135135135134 0.013171225937183385 0.014864864864864866
4 0.6767983789260384 0.26554054054054055 0.013171225937183385 0.013513513513513514
4 0.6762917933130699 0.3033783783783784 0.013171225937183385 0.013513513513513514
4 0.6767983789260384 0.3162162162162162 0.011144883485309016 0.01418918918918919
4 0.6767983789260384 0.35405405405405405 0.012664640324214792 0.014864864864864866
4 0.6762917933130699 0.3689189189189189 0.0121580547112462 0.014864864864864866
4 0.6757852077001013 0.40743243243243243 0.013171225937183385 0.014864864864864866
4 0.6757852077001013 0.42162162162162165 0.01165146909827761 0.01418918918918919
4 0.6757852077001013 0.45878378378378376 0.012664640324214792 0.014864864864864866
4 0.6767983789260384 0.47364864864864864 0.0121580547112462 0.01418918918918919
4 0.6762917933130699 0.5121621621621621 0.013171225937183385 0.015540540540540541
4 0.6767983789260384 0.527027027027027 0.011144883485309016 0.013513513513513514
4 0.6757852077001013 0.5925675675675676 0.013171225937183385 0.014864864864864866
4 0.6762917933130699 0.6074324324324324 0.011144883485309016 0.013513513513513514
4 0.6752786220871327 0.6445945945945946 0.0121580547112462 0.015540540540540541
4 0.6752786220871327 0.6587837837837838 0.012664640324214792 0.01418918918918919
4 0.6747720364741642 0.6966216216216217 0.013171225937183385 0.015540540540540541
4 0.6742654508611955 0.7101351351351352 0.012664640324214792 0.013513513513513514
4 0.6732522796352584 0.7479729729729729 0.013677811550151976 0.01418918918918919
4 0.6732522796352584 0.7621621621621621 0.011144883485309016 0.014864864864864866
4 0.6717325227963525 0.7972972972972973 0.013171225937183385 0.016216216216216217
4 0.6717325227963525 0.8114864864864865 0.013171225937183385 0.01418918918918919
4 0.6702127659574468 0.847972972972973 0.013677811550151976 0.014864864864864866
4 0.6702127659574468 0.8608108108108108 0.013171225937183385 0.014864864864864866
4 0.6691995947315096 0.8945945945945946 0.013171225937183385 0.01418918918918919
4 0.668693009118541 0.9087837837837838 0.01165146909827761 0.014864864864864866
4 0.6671732522796353 0.9425675675675675 0.012664640324214792 0.014864864864864866
4 0.6676798378926039 0.956081081081081 0.01165146909827761 0.013513513513513514
4 0.6656534954407295 0.9878378378378379 0.013171225937183385 0.014864864864864866
4 0.6656534954407295 0.9966216216216216 0.0121580547112462 0.005405405405405406
4 0.7925531914893617 0.9942567567567567 0.010638297872340425 0.010135135135135136
4 0.7943262411347518 0.9506756756756757 0.012664640324214792 0.014864864864864866
4 0.8039513677811551 0.7844594594594595 0.012664640324214792 0.01756756756756757
4 0.8054711246200608 0.7351351351351352 0.013171225937183385 0.01756756756756757
4 0.8095238095238095 0.5560810810810811 0.015197568389057751 0.016891891891891893
4 0.8100303951367781 0.6087837837837838 0.0121580547112462 0.01418918918918919
2 0.8069908814589666 0.12972972972972974 0.016717325227963525 0.021621621621621623