1 0.17162471395881007 0.4695121951219512 0.017162471395881007 0.019054878048780487
1 0.17105263157894737 0.5282012195121951 0.014302059496567507 0.018292682926829267
1 0.17562929061784896 0.6714939024390244 0.01887871853546911 0.022865853658536585
1 0.17791762013729978 0.7278963414634146 0.017162471395881007 0.019817073170731708
1 0.18764302059496568 0.9153963414634146 0.017162471395881007 0.019817073170731708
1 0.18993135011441648 0.9664634146341463 0.014874141876430207 0.01676829268292683
0 0.21796338672768878 0.7820121951219512 0.010297482837528604 0.025914634146341462
1 0.3232265446224256 0.01524390243902439 0.014874141876430207 0.019817073170731708
1 0.32265446224256294 0.03125 0.014874141876430207 0.019817073170731708
1 0.32265446224256294 0.06859756097560976 0.016590389016018305 0.022103658536585365
1 0.32265446224256294 0.0861280487804878 0.016018306636155607 0.01753048780487805
1 0.3220823798627002 0.12728658536585366 0.017162471395881007 0.019817073170731708
1 0.32265446224256294 0.14329268292682926 0.015446224256292907 0.019817073170731708
1 0.32265446224256294 0.18521341463414634 0.016018306636155607 0.021341463414634148
1 0.32151029748283755 0.20198170731707318 0.016590389016018305 0.023628048780487805
1 0.32036613272311215 0.24161585365853658 0.017162471395881007 0.022103658536585365
1 0.3209382151029748 0.25990853658536583 0.017162471395881007 0.022103658536585365
1 0.32151029748283755 0.3003048780487805 0.018306636155606407 0.020579268292682928
1 0.3220823798627002 0.3170731707317073 0.016590389016018305 0.019054878048780487
1 0.32036613272311215 0.36051829268292684 0.017162471395881007 0.022865853658536585
1 0.32151029748283755 0.37728658536585363 0.013729977116704805 0.019817073170731708
1 0.3220823798627002 0.41996951219512196 0.018306636155606407 0.019817073170731708
1 0.3220823798627002 0.4375 0.014874141876430207 0.022103658536585365
1 0.3232265446224256 0.510670731707317 0.017162471395881007 0.022103658536585365
1 0.32265446224256294 0.5289634146341463 0.014302059496567507 0.022865853658536585
1 0.32265446224256294 0.569359756097561 0.015446224256292907 0.022103658536585365
1 0.3220823798627002 0.586890243902439 0.014874141876430207 0.022865853658536585
1 0.324370709382151 0.6272865853658537 0.016018306636155607 0.019054878048780487
1 0.324370709382151 0.6440548780487805 0.016018306636155607 0.021341463414634148
1 0.3232265446224256 0.6852134146341463 0.018306636155606407 0.019817073170731708
1 0.324370709382151 0.7019817073170732 0.017734553775743706 0.021341463414634148
1 0.32608695652173914 0.7408536585365854 0.017162471395881007 0.020579268292682928
1 0.32723112128146453 0.7599085365853658 0.014874141876430207 0.020579268292682928
1 0.32837528604118993 0.7980182926829268 0.016590389016018305 0.019817073170731708
1 0.32837528604118993 0.8155487804878049 0.016590389016018305 0.020579268292682928
1 0.3295194508009153 0.8513719512195121 0.017162471395881007 0.019817073170731708
1 0.3295194508009153 0.8704268292682927 0.016590389016018305 0.020579268292682928
1 0.33123569794050345 0.9054878048780488 0.017162471395881007 0.019817073170731708
1 0.3306636155606407 0.9214939024390244 0.014874141876430207 0.019054878048780487
1 0.3340961098398169 0.958079268292683 0.016590389016018305 0.018292682926829267
1 0.33237986270022885 0.9725609756097561 0.015446224256292907 0.020579268292682928