1 0.8250790305584826 0.2577247191011236 0.01053740779768177 0.016151685393258428
1 0.815595363540569 0.2577247191011236 0.011591148577449948 0.01544943820224719
1 0.7887249736564805 0.25842696629213485 0.011591148577449948 0.0175561797752809
1 0.7787144362486829 0.25702247191011235 0.012644889357218124 0.016151685393258428
1 0.7523709167544784 0.25702247191011235 0.012644889357218124 0.018258426966292134
1 0.7413066385669126 0.25702247191011235 0.012118018967334035 0.018258426966292134
1 0.7133825079030558 0.2563202247191011 0.012644889357218124 0.018258426966292134
1 0.702845100105374 0.2563202247191011 0.013171759747102213 0.018258426966292134
1 0.6743940990516333 0.2563202247191011 0.011591148577449948 0.020365168539325844
1 0.6643835616438356 0.25491573033707865 0.012118018967334035 0.016853932584269662
1 0.6359325605900948 0.2556179775280899 0.013171759747102213 0.019662921348314606
1 0.6243414120126449 0.25491573033707865 0.013171759747102213 0.016151685393258428
1 0.5948366701791359 0.25491573033707865 0.011591148577449948 0.018960674157303372
1 0.583245521601686 0.2542134831460674 0.013171759747102213 0.016151685393258428
1 0.5542676501580611 0.25491573033707865 0.01422550052687039 0.018258426966292134
1 0.5421496311907271 0.25491573033707865 0.0136986301369863 0.01544943820224719
1 0.5136986301369864 0.2556179775280899 0.01422550052687039 0.019662921348314606
1 0.5015806111696522 0.25491573033707865 0.013171759747102213 0.018960674157303372
1 0.4720758693361433 0.2563202247191011 0.014752370916754479 0.020365168539325844
1 0.45995785036880926 0.2556179775280899 0.0136986301369863 0.019662921348314606
1 0.40990516332982085 0.2556179775280899 0.0136986301369863 0.018960674157303372
1 0.39778714436248686 0.25491573033707865 0.0136986301369863 0.019662921348314606
1 0.36828240252897787 0.25702247191011235 0.0136986301369863 0.021067415730337078
1 0.35721812434141204 0.2577247191011236 0.012644889357218124 0.019662921348314606
1 0.32824025289778713 0.25702247191011235 0.012644889357218124 0.020365168539325844
1 0.3171759747102213 0.25702247191011235 0.012644889357218124 0.019662921348314606
1 0.28872497365648053 0.25912921348314605 0.012118018967334035 0.018960674157303372
1 0.2766069546891465 0.25912921348314605 0.0136986301369863 0.018258426966292134
1 0.24868282402528977 0.261938202247191 0.012644889357218124 0.019662921348314606
1 0.23814541622760801 0.2612359550561798 0.01053740779768177 0.0175561797752809
1 0.20969441517386722 0.26264044943820225 0.01053740779768177 0.018258426966292134
1 0.20021074815595363 0.2633426966292135 0.011064278187565859 0.018258426966292134
1 0.17281348788198103 0.2640449438202247 0.011591148577449948 0.0175561797752809
1 0.16174920969441517 0.2640449438202247 0.011591148577449948 0.018258426966292134
1 0.13540569020021076 0.2654494382022472 0.011064278187565859 0.018258426966292134
1 0.12486828240252898 0.2675561797752809 0.012118018967334035 0.018258426966292134
1 0.10010537407797682 0.26896067415730335 0.011591148577449948 0.018258426966292134
1 0.09009483667017913 0.26825842696629215 0.01053740779768177 0.018258426966292134
1 0.06533192834562697 0.2710674157303371 0.011064278187565859 0.016853932584269662
1 0.05584826132771338 0.2717696629213483 0.01053740779768177 0.0175561797752809
1 0.012118018967334035 0.10533707865168539 0.011064278187565859 0.012640449438202247
1 0.09378292939936776 0.09410112359550561 0.008956796628029505 0.012640449438202247
1 0.1290832455216017 0.09058988764044944 0.011064278187565859 0.01544943820224719
0 0.22233930453108536 0.12780898876404495 0.015806111696522657 0.014747191011235955
1 0.25869336143308747 0.07865168539325842 0.010010537407797681 0.01544943820224719
1 0.2982086406743941 0.07584269662921349 0.011591148577449948 0.016853932584269662
1 0.3972602739726027 0.0702247191011236 0.010010537407797681 0.014044943820224719
1 0.43782929399367754 0.06952247191011236 0.011591148577449948 0.01544943820224719
2 0.7697576396206534 0.07514044943820225 0.011591148577449948 0.016853932584269662