2 0.7921875 0.11388888888888889 0.015625 0.020833333333333332
1 0.4640625 0.10972222222222222 0.013020833333333334 0.020833333333333332
1 0.4239583333333333 0.10902777777777778 0.0125 0.017361111111111112
1 0.3260416666666667 0.11458333333333333 0.015625 0.022916666666666665
1 0.2875 0.11736111111111111 0.013541666666666667 0.020833333333333332
1 0.159375 0.12916666666666668 0.013541666666666667 0.020833333333333332
1 0.12447916666666667 0.13194444444444445 0.011458333333333333 0.018055555555555554
1 0.04375 0.1451388888888889 0.011979166666666667 0.02013888888888889
1 0.0125 0.1486111111111111 0.011458333333333333 0.017361111111111112
0 0.25052083333333336 0.16597222222222222 0.017708333333333333 0.0125
1 0.8473958333333333 0.29375 0.011979166666666667 0.01875
1 0.8364583333333333 0.29444444444444445 0.011458333333333333 0.016666666666666666
1 0.8109375 0.29444444444444445 0.0125 0.017361111111111112
1 0.8005208333333333 0.29305555555555557 0.0109375 0.01597222222222222
1 0.7744791666666667 0.29375 0.013541666666666667 0.018055555555555554
1 0.7635416666666667 0.29305555555555557 0.013541666666666667 0.018055555555555554
1 0.7380208333333333 0.29305555555555557 0.015104166666666667 0.02013888888888889
1 0.7260416666666667 0.29305555555555557 0.011979166666666667 0.019444444444444445
1 0.6979166666666666 0.2923611111111111 0.013541666666666667 0.020833333333333332
1 0.6869791666666667 0.29305555555555557 0.013541666666666667 0.01875
1 0.6583333333333333 0.29305555555555557 0.014583333333333334 0.019444444444444445
1 0.646875 0.2916666666666667 0.016145833333333335 0.02013888888888889
1 0.6197916666666666 0.2902777777777778 0.015104166666666667 0.020833333333333332
1 0.6072916666666667 0.29097222222222224 0.015104166666666667 0.020833333333333332
1 0.5796875 0.2916666666666667 0.0140625 0.022222222222222223
1 0.5682291666666667 0.2923611111111111 0.013020833333333334 0.02013888888888889
1 0.5385416666666667 0.2902777777777778 0.015625 0.020833333333333332
1 0.5270833333333333 0.2916666666666667 0.013541666666666667 0.016666666666666666
1 0.4979166666666667 0.2923611111111111 0.013541666666666667 0.022222222222222223
1 0.4859375 0.2923611111111111 0.015104166666666667 0.018055555555555554
1 0.4359375 0.29375 0.015104166666666667 0.020833333333333332
1 0.4234375 0.29305555555555557 0.015625 0.017361111111111112
1 0.3958333333333333 0.29305555555555557 0.015104166666666667 0.01875
1 0.38385416666666666 0.2923611111111111 0.015625 0.018055555555555554
1 0.35625 0.2951388888888889 0.013020833333333334 0.019444444444444445
1 0.34479166666666666 0.2951388888888889 0.014583333333333334 0.019444444444444445
1 0.31666666666666665 0.29375 0.013541666666666667 0.022222222222222223
1 0.30520833333333336 0.2951388888888889 0.014583333333333334 0.021527777777777778
1 0.2786458333333333 0.2972222222222222 0.0140625 0.020833333333333332
1 0.265625 0.2986111111111111 0.0140625 0.018055555555555554
1 0.23958333333333334 0.3 0.013541666666666667 0.02013888888888889
1 0.22760416666666666 0.3 0.0140625 0.02013888888888889
1 0.203125 0.3013888888888889 0.013541666666666667 0.020833333333333332
1 0.19010416666666666 0.3013888888888889 0.0140625 0.02013888888888889
1 0.16614583333333333 0.3034722222222222 0.013541666666666667 0.020833333333333332
1 0.15520833333333334 0.30277777777777776 0.013020833333333334 0.018055555555555554
1 0.13020833333333334 0.30694444444444446 0.0125 0.02013888888888889
1 0.1203125 0.30486111111111114 0.0140625 0.01875
1 0.09635416666666667 0.30694444444444446 0.0109375 0.020833333333333332
1 0.08645833333333333 0.30833333333333335 0.013541666666666667 0.016666666666666666