2 0.2098703888334995 0.1309840425531915 0.010967098703888335 0.014627659574468085
1 0.339481555333998 0.06050531914893617 0.010967098703888335 0.011968085106382979
1 0.339481555333998 0.07313829787234043 0.009970089730807577 0.012632978723404254
1 0.339481555333998 0.10704787234042554 0.010468594217347957 0.012632978723404254
1 0.339481555333998 0.11835106382978723 0.010967098703888335 0.012632978723404254
1 0.3389830508474576 0.1529255319148936 0.011964107676969093 0.012632978723404254
1 0.33848454636091724 0.16622340425531915 0.010967098703888335 0.012632978723404254
1 0.3389830508474576 0.20212765957446807 0.012462612163509471 0.012632978723404254
1 0.33848454636091724 0.21476063829787234 0.010967098703888335 0.012632978723404254
1 0.33798604187437686 0.25132978723404253 0.010967098703888335 0.011968085106382979
1 0.3374875373878365 0.26396276595744683 0.010468594217347957 0.012632978723404254
1 0.3374875373878365 0.300531914893617 0.011964107676969093 0.013962765957446808
1 0.33798604187437686 0.3151595744680851 0.010967098703888335 0.012632978723404254
1 0.33848454636091724 0.35106382978723405 0.011465603190428714 0.013297872340425532
1 0.3374875373878365 0.3650265957446808 0.011465603190428714 0.013962765957446808
1 0.33848454636091724 0.4029255319148936 0.011964107676969093 0.013297872340425532
1 0.33798604187437686 0.4162234042553192 0.011465603190428714 0.013297872340425532
1 0.33798604187437686 0.4541223404255319 0.012462612163509471 0.013962765957446808
1 0.33798604187437686 0.46875 0.011964107676969093 0.013297872340425532
1 0.33848454636091724 0.507313829787234 0.01296111665004985 0.014627659574468085
1 0.33798604187437686 0.5199468085106383 0.011465603190428714 0.013962765957446808
1 0.33848454636091724 0.5857712765957447 0.012462612163509471 0.014627659574468085
1 0.33848454636091724 0.5997340425531915 0.011465603190428714 0.013297872340425532
1 0.3389830508474576 0.636968085106383 0.011964107676969093 0.013297872340425532
1 0.3389830508474576 0.6509308510638298 0.010967098703888335 0.013297872340425532
1 0.339481555333998 0.6881648936170213 0.011465603190428714 0.014627659574468085
1 0.3389830508474576 0.7014627659574468 0.010967098703888335 0.013297872340425532
1 0.3404785643070788 0.7393617021276596 0.011964107676969093 0.013297872340425532
1 0.3404785643070788 0.7519946808510638 0.011964107676969093 0.011968085106382979
1 0.3419740777666999 0.7878989361702128 0.011964107676969093 0.013962765957446808
1 0.3424725822532403 0.8018617021276596 0.011964107676969093 0.013962765957446808
1 0.34346959122632104 0.8371010638297872 0.012462612163509471 0.013297872340425532
1 0.34346959122632104 0.8503989361702128 0.011465603190428714 0.014627659574468085
1 0.3439680957128614 0.8843085106382979 0.012462612163509471 0.013297872340425532
1 0.3444666001994018 0.8976063829787234 0.011465603190428714 0.013962765957446808
1 0.34546360917248253 0.9308510638297872 0.011964107676969093 0.013962765957446808
1 0.34646061814556334 0.9434840425531915 0.010967098703888335 0.013297872340425532
1 0.34845463609172483 0.9753989361702128 0.011964107676969093 0.012632978723404254
1 0.34845463609172483 0.988031914893617 0.010967098703888335 0.012632978723404254
1 0.2238285144566301 0.9820478723404256 0.010468594217347957 0.013297872340425532
1 0.22083748753738783 0.9388297872340425 0.010468594217347957 0.013297872340425532
3 0.25124626121635096 0.8909574468085106 0.01296111665004985 0.024601063829787235
0 0.24825523429710866 0.8218085106382979 0.010967098703888335 0.020611702127659573
1 0.2123629112662014 0.7752659574468085 0.009970089730807577 0.013297872340425532
1 0.21086739780658026 0.726063829787234 0.010967098703888335 0.014627659574468085
1 0.20687936191425724 0.6003989361702128 0.009970089730807577 0.012632978723404254
1 0.20687936191425724 0.5492021276595744 0.009970089730807577 0.015292553191489361
3 0.24027916251246262 0.4973404255319149 0.015453639082751745 0.023936170212765957