1 0.21774193548387097 0.9956317204301075 0.010080645161290322 0.00739247311827957
1 0.21471774193548387 0.9522849462365591 0.011592741935483871 0.014112903225806451
0 0.24143145161290322 0.8346774193548387 0.010080645161290322 0.020161290322580645
1 0.20514112903225806 0.7876344086021505 0.011088709677419355 0.014112903225806451
1 0.20463709677419356 0.7385752688172043 0.011088709677419355 0.015456989247311828
1 0.19959677419354838 0.6108870967741935 0.009072580645161291 0.013440860215053764
1 0.19959677419354838 0.5598118279569892 0.011088709677419355 0.016129032258064516
2 0.203125 0.135752688172043 0.01310483870967742 0.01747311827956989
1 0.3346774193548387 0.06518817204301075 0.011592741935483871 0.01478494623655914
1 0.3341733870967742 0.07795698924731183 0.011592741935483871 0.015456989247311828
1 0.3341733870967742 0.11088709677419355 0.012600806451612902 0.015456989247311828
1 0.3336693548387097 0.125 0.011592741935483871 0.016801075268817203
1 0.3341733870967742 0.1586021505376344 0.011592741935483871 0.016129032258064516
1 0.3331653225806452 0.17338709677419356 0.012096774193548387 0.01747311827956989
1 0.3336693548387097 0.20833333333333334 0.012600806451612902 0.015456989247311828
1 0.3326612903225806 0.2211021505376344 0.011088709677419355 0.015456989247311828
1 0.3316532258064516 0.2567204301075269 0.012096774193548387 0.01478494623655914
1 0.3321572580645161 0.271505376344086 0.012600806451612902 0.015456989247311828
1 0.3326612903225806 0.3084677419354839 0.012600806451612902 0.016801075268817203
1 0.3326612903225806 0.323252688172043 0.011592741935483871 0.016129032258064516
1 0.3326612903225806 0.3602150537634409 0.011592741935483871 0.01478494623655914
1 0.3316532258064516 0.37298387096774194 0.010584677419354838 0.01478494623655914
1 0.3326612903225806 0.4112903225806452 0.011592741935483871 0.01478494623655914
1 0.3326612903225806 0.4254032258064516 0.011088709677419355 0.015456989247311828
1 0.3321572580645161 0.4637096774193548 0.011088709677419355 0.01478494623655914
1 0.3316532258064516 0.4778225806451613 0.012096774193548387 0.015456989247311828
1 0.3321572580645161 0.5161290322580645 0.01310483870967742 0.016129032258064516
1 0.3326612903225806 0.530241935483871 0.011592741935483871 0.01747311827956989
1 0.3326612903225806 0.5967741935483871 0.011592741935483871 0.015456989247311828
1 0.3321572580645161 0.6095430107526881 0.011592741935483871 0.01478494623655914
1 0.3331653225806452 0.6485215053763441 0.01310483870967742 0.015456989247311828
1 0.3331653225806452 0.6619623655913979 0.011088709677419355 0.01478494623655914
1 0.3336693548387097 0.6989247311827957 0.011088709677419355 0.01478494623655914
1 0.3336693548387097 0.7130376344086021 0.011088709677419355 0.01478494623655914
1 0.3341733870967742 0.7506720430107527 0.011592741935483871 0.01478494623655914
1 0.3346774193548387 0.7634408602150538 0.011088709677419355 0.01478494623655914
1 0.33669354838709675 0.8004032258064516 0.012096774193548387 0.01478494623655914
1 0.33618951612903225 0.8145161290322581 0.011088709677419355 0.013440860215053764
1 0.3382056451612903 0.8508064516129032 0.011592741935483871 0.01478494623655914
1 0.3382056451612903 0.8635752688172043 0.011088709677419355 0.014112903225806451
1 0.3392137096774194 0.8978494623655914 0.01310483870967742 0.015456989247311828
1 0.3387096774193548 0.9106182795698925 0.011088709677419355 0.01478494623655914
1 0.3402217741935484 0.9455645161290323 0.012600806451612902 0.014112903225806451
1 0.3407258064516129 0.9576612903225806 0.011088709677419355 0.014112903225806451
1 0.34223790322580644 0.9899193548387096 0.011088709677419355 0.01478494623655914
1 0.34274193548387094 0.9969758064516129 0.011088709677419355 0.004704301075268817