2 0.871149289099526 0.7938388625592417 0.007701421800947867 0.026856240126382307
1 0.7215639810426541 0.8759873617693523 0.01481042654028436 0.018167456556082148
1 0.7221563981042654 0.8617693522906793 0.015402843601895734 0.020537124802527645
1 0.7227488151658767 0.8222748815165877 0.015995260663507108 0.018957345971563982
1 0.7221563981042654 0.806477093206951 0.013625592417061612 0.018957345971563982
1 0.7227488151658767 0.7669826224328594 0.015402843601895734 0.019747235387045814
1 0.7233412322274881 0.7511848341232228 0.01481042654028436 0.020537124802527645
1 0.7227488151658767 0.7101105845181674 0.015402843601895734 0.020537124802527645
1 0.7245260663507109 0.6919431279620853 0.015995260663507108 0.023696682464454975
1 0.7239336492890995 0.6516587677725119 0.015402843601895734 0.02132701421800948
1 0.7239336492890995 0.6342812006319115 0.015995260663507108 0.02132701421800948
1 0.7227488151658767 0.5932069510268563 0.017180094786729858 0.022116903633491312
1 0.7245260663507109 0.5750394944707741 0.015402843601895734 0.023696682464454975
1 0.7233412322274881 0.5323854660347551 0.016587677725118485 0.022906793048973143
1 0.7239336492890995 0.5150078988941548 0.016587677725118485 0.022116903633491312
1 0.7233412322274881 0.471563981042654 0.018364928909952605 0.022906793048973143
1 0.7245260663507109 0.4541864139020537 0.016587677725118485 0.020537124802527645
1 0.7245260663507109 0.4107424960505529 0.017772511848341232 0.023696682464454975
1 0.7233412322274881 0.39178515007898895 0.015995260663507108 0.018167456556082148
1 0.7245260663507109 0.34913112164297 0.015995260663507108 0.019747235387045814
1 0.7239336492890995 0.3285939968404423 0.015995260663507108 0.02132701421800948
1 0.7227488151658767 0.25355450236966826 0.017772511848341232 0.02132701421800948
1 0.7245260663507109 0.2353870458135861 0.017772511848341232 0.02132701421800948
1 0.7233412322274881 0.1943127962085308 0.018364928909952605 0.02527646129541864
1 0.7239336492890995 0.174565560821485 0.017772511848341232 0.022116903633491312
1 0.7215639810426541 0.13270142180094788 0.016587677725118485 0.022116903633491312
1 0.7215639810426541 0.11374407582938388 0.018364928909952605 0.023696682464454975
1 0.7209715639810427 0.07187993680884676 0.017772511848341232 0.02132701421800948
1 0.7203791469194313 0.053712480252764615 0.017180094786729858 0.019747235387045814
1 0.7191943127962085 0.014218009478672985 0.017772511848341232 0.020537124802527645
1 0.7200829383886256 0.0035545023696682463 0.018364928909952605 0.0071090047393364926
1 0.869372037914692 0.02843601895734597 0.011255924170616114 0.023696682464454975
1 0.8705568720379147 0.08570300157977884 0.008886255924170616 0.022906793048973143