2 0.15426105717367852 0.9028776978417267 0.014023732470334413 0.017985611510791366
1 0.29557713052858686 0.9776978417266187 0.012405609492988134 0.015827338129496403
1 0.29503775620280476 0.9647482014388489 0.011326860841423949 0.014388489208633094
1 0.29503775620280476 0.9287769784172661 0.012944983818770227 0.015827338129496403
1 0.29449838187702265 0.9151079136690647 0.012944983818770227 0.016546762589928057
1 0.29449838187702265 0.879136690647482 0.012944983818770227 0.017985611510791366
1 0.29503775620280476 0.8640287769784173 0.012405609492988134 0.015107913669064749
1 0.29449838187702265 0.8266187050359712 0.012405609492988134 0.015107913669064749
1 0.29449838187702265 0.8122302158273381 0.011866235167206042 0.017266187050359712
1 0.29341963322545844 0.7726618705035971 0.014023732470334413 0.017266187050359712
1 0.29341963322545844 0.758273381294964 0.012405609492988134 0.015827338129496403
1 0.2928802588996764 0.718705035971223 0.012944983818770227 0.015827338129496403
1 0.29341963322545844 0.7028776978417266 0.012944983818770227 0.016546762589928057
1 0.2928802588996764 0.6640287769784172 0.014023732470334413 0.01870503597122302
1 0.2928802588996764 0.6489208633093525 0.012944983818770227 0.017985611510791366
1 0.29395900755124055 0.6071942446043166 0.014023732470334413 0.016546762589928057
1 0.29395900755124055 0.5920863309352518 0.01348435814455232 0.017985611510791366
1 0.29341963322545844 0.5525179856115108 0.014023732470334413 0.017266187050359712
1 0.29341963322545844 0.5366906474820143 0.014023732470334413 0.017985611510791366
1 0.29341963322545844 0.4956834532374101 0.014023732470334413 0.01870503597122302
1 0.29341963322545844 0.47985611510791365 0.014023732470334413 0.017985611510791366
1 0.29395900755124055 0.41079136690647483 0.014023732470334413 0.01870503597122302
1 0.29395900755124055 0.3949640287769784 0.014023732470334413 0.01870503597122302
1 0.29395900755124055 0.35611510791366907 0.01348435814455232 0.01870503597122302
1 0.29449838187702265 0.339568345323741 0.012405609492988134 0.014388489208633094
1 0.29503775620280476 0.2992805755395683 0.014023732470334413 0.017266187050359712
1 0.29557713052858686 0.2841726618705036 0.012405609492988134 0.016546762589928057
1 0.296655879180151 0.24532374100719426 0.012405609492988134 0.016546762589928057
1 0.2961165048543689 0.2302158273381295 0.012405609492988134 0.017985611510791366
1 0.2971952535059331 0.1920863309352518 0.01348435814455232 0.017985611510791366
1 0.2977346278317152 0.17625899280575538 0.014023732470334413 0.01870503597122302
1 0.2988133764832794 0.13884892086330936 0.014563106796116505 0.017985611510791366
1 0.2988133764832794 0.12446043165467625 0.014563106796116505 0.017985611510791366
1 0.30097087378640774 0.08705035971223021 0.014023732470334413 0.016546762589928057
1 0.2998921251348436 0.07338129496402877 0.01348435814455232 0.016546762589928057
1 0.30204962243797195 0.03669064748201439 0.01348435814455232 0.015107913669064749
1 0.30204962243797195 0.02302158273381295 0.012405609492988134 0.015827338129496403
1 0.16720604099244876 0.027338129496402876 0.015102481121898598 0.016546762589928057
0 0.19633225458468176 0.15467625899280577 0.010248112189859764 0.02014388489208633
1 0.15803667745415317 0.20503597122302158 0.011866235167206042 0.015107913669064749
1 0.1558791801510248 0.2589928057553957 0.015102481121898598 0.017266187050359712
1 0.15210355987055016 0.3942446043165468 0.011866235167206042 0.015827338129496403
1 0.15102481121898598 0.4489208633093525 0.01348435814455232 0.01870503597122302