2 0.8852941176470588 0.12244897959183673 0.019411764705882354 0.02040816326530612
1 0.9464705882352941 0.32653061224489793 0.013529411764705882 0.019623233908948195
1 0.9358823529411765 0.32574568288854006 0.015294117647058824 0.02040816326530612
1 0.9064705882352941 0.3249607535321821 0.01411764705882353 0.02119309262166405
1 0.8947058823529411 0.32574568288854006 0.01411764705882353 0.01805337519623234
1 0.8652941176470588 0.3249607535321821 0.014705882352941176 0.02040816326530612
1 0.8535294117647059 0.3241758241758242 0.015294117647058824 0.019623233908948195
1 0.8229411764705883 0.3249607535321821 0.015294117647058824 0.02040816326530612
1 0.8094117647058824 0.3226059654631083 0.01764705882352941 0.02119309262166405
1 0.7794117647058824 0.32339089481946626 0.01588235294117647 0.02040816326530612
1 0.7664705882352941 0.32339089481946626 0.01588235294117647 0.02119309262166405
1 0.7358823529411764 0.3249607535321821 0.01647058823529412 0.022762951334379906
1 0.7223529411764706 0.3226059654631083 0.01764705882352941 0.02040816326530612
1 0.6905882352941176 0.3241758241758242 0.017058823529411765 0.02197802197802198
1 0.6776470588235294 0.32339089481946626 0.01647058823529412 0.02197802197802198
1 0.6452941176470588 0.3241758241758242 0.017058823529411765 0.02433281004709576
1 0.6323529411764706 0.3226059654631083 0.015294117647058824 0.02197802197802198
1 0.6 0.3226059654631083 0.01764705882352941 0.023547880690737835
1 0.5858823529411765 0.3241758241758242 0.013529411764705882 0.02119309262166405
1 0.5541176470588235 0.3226059654631083 0.014705882352941176 0.02119309262166405
1 0.5388235294117647 0.32339089481946626 0.01588235294117647 0.02119309262166405
1 0.48294117647058826 0.3249607535321821 0.01588235294117647 0.023547880690737835
1 0.46941176470588236 0.3226059654631083 0.01588235294117647 0.023547880690737835
1 0.4388235294117647 0.3241758241758242 0.018823529411764704 0.02433281004709576
1 0.42411764705882354 0.32339089481946626 0.01647058823529412 0.023547880690737835
1 0.39294117647058824 0.32653061224489793 0.01647058823529412 0.02197802197802198
1 0.3788235294117647 0.32653061224489793 0.01764705882352941 0.02433281004709576
1 0.3476470588235294 0.32731554160125587 0.01588235294117647 0.023547880690737835
1 0.3341176470588235 0.3281004709576138 0.014705882352941176 0.022762951334379906
1 0.30470588235294116 0.32967032967032966 0.015294117647058824 0.023547880690737835
1 0.2911764705882353 0.32888540031397173 0.015294117647058824 0.023547880690737835
1 0.26235294117647057 0.32967032967032966 0.017058823529411765 0.023547880690737835
1 0.2464705882352941 0.33202511773940346 0.01588235294117647 0.023547880690737835
1 0.21941176470588236 0.33359497645211933 0.01588235294117647 0.023547880690737835
1 0.20529411764705882 0.33359497645211933 0.015294117647058824 0.022762951334379906
1 0.17941176470588235 0.3359497645211931 0.01647058823529412 0.022762951334379906
1 0.16470588235294117 0.336734693877551 0.01764705882352941 0.022762951334379906
1 0.13823529411764707 0.33830455259026687 0.015294117647058824 0.02511773940345369
1 0.12529411764705883 0.3390894819466248 0.015294117647058824 0.02119309262166405
1 0.0988235294117647 0.3414442700156986 0.013529411764705882 0.023547880690737835
1 0.08823529411764706 0.34065934065934067 0.012941176470588235 0.022762951334379906
1 0.006176470588235294 0.16287284144427003 0.011176470588235295 0.02119309262166405
1 0.039411764705882354 0.15698587127158556 0.01588235294117647 0.019623233908948195
1 0.13058823529411764 0.14521193092621665 0.015294117647058824 0.02197802197802198
1 0.17058823529411765 0.13971742543171115 0.013529411764705882 0.018838304552590265
1 0.31529411764705884 0.12558869701726844 0.017058823529411765 0.023547880690737835
1 0.35823529411764704 0.12401883830455258 0.01647058823529412 0.02119309262166405
1 0.46941176470588236 0.11538461538461539 0.015294117647058824 0.02040816326530612
1 0.5152941176470588 0.11538461538461539 0.01764705882352941 0.02119309262166405
0 0.27294117647058824 0.18210361067503925 0.018823529411764704 0.01805337519623234