1 0.829957356076759 0.15789473684210525 0.012260127931769723 0.015647226173541962
1 0.8315565031982942 0.20981507823613088 0.014392324093816631 0.01849217638691323
1 0.8368869936034116 0.3442389758179232 0.015458422174840085 0.021337126600284494
1 0.8363539445628998 0.39829302987197723 0.013859275053304905 0.021337126600284494
1 0.6945628997867804 0.922475106685633 0.013859275053304905 0.015647226173541962
1 0.6940298507462687 0.9068278805120911 0.013326226012793176 0.01849217638691323
1 0.6945628997867804 0.8733997155049786 0.015458422174840085 0.016358463726884778
1 0.6945628997867804 0.8584637268847796 0.013326226012793176 0.014935988620199146
1 0.6945628997867804 0.8229018492176386 0.013859275053304905 0.015647226173541962
1 0.6940298507462687 0.8072546230440967 0.013859275053304905 0.017069701280227598
1 0.6956289978678039 0.7716927453769559 0.015458422174840085 0.017069701280227598
1 0.6945628997867804 0.7553342816500711 0.014925373134328358 0.016358463726884778
1 0.6945628997867804 0.7176386913229018 0.01652452025586354 0.017780938833570414
1 0.6961620469083155 0.7027027027027027 0.014392324093816631 0.017780938833570414
1 0.6961620469083155 0.6657183499288762 0.015458422174840085 0.01849217638691323
1 0.6966950959488273 0.6493598862019915 0.014925373134328358 0.017069701280227598
1 0.6961620469083155 0.6116642958748222 0.015991471215351813 0.020625889046941678
1 0.6961620469083155 0.5945945945945946 0.014925373134328358 0.016358463726884778
1 0.6950959488272921 0.5561877667140825 0.017590618336886993 0.017069701280227598
1 0.6961620469083155 0.5391180654338549 0.017057569296375266 0.019203413940256046
1 0.6961620469083155 0.5014224751066856 0.015458422174840085 0.01849217638691323
1 0.6950959488272921 0.484352773826458 0.015991471215351813 0.01849217638691323
1 0.6956289978678039 0.4466571834992888 0.014392324093816631 0.01849217638691323
1 0.6966950959488273 0.4295874822190612 0.014925373134328358 0.017780938833570414
1 0.6956289978678039 0.36059743954480794 0.015991471215351813 0.019203413940256046
1 0.6961620469083155 0.3435277382645804 0.014392324093816631 0.01849217638691323
1 0.6950959488272921 0.30654338549075394 0.017057569296375266 0.01991465149359886
1 0.6945628997867804 0.2894736842105263 0.014925373134328358 0.01849217638691323
1 0.6940298507462687 0.25177809388335703 0.015991471215351813 0.01991465149359886
1 0.6940298507462687 0.23541963015647227 0.014392324093816631 0.017069701280227598
1 0.6934968017057569 0.19772403982930298 0.015991471215351813 0.01849217638691323
1 0.6929637526652452 0.1813655761024182 0.015991471215351813 0.019203413940256046
1 0.6918976545842217 0.14366998577524892 0.015991471215351813 0.01849217638691323
1 0.6918976545842217 0.12731152204836416 0.014925373134328358 0.017069701280227598
1 0.6902985074626866 0.09174964438122332 0.015458422174840085 0.01849217638691323
1 0.6902985074626866 0.07681365576102418 0.014392324093816631 0.017069701280227598
1 0.6886993603411514 0.041251778093883355 0.013859275053304905 0.015647226173541962
1 0.6886993603411514 0.02702702702702703 0.013326226012793176 0.014935988620199146
2 0.8347547974413646 0.8492176386913229 0.019189765458422176 0.025604551920341393