1 0.6329411764705882 0.9866562009419152 0.01588235294117647 0.01726844583987441
1 0.6335294117647059 0.9709576138147566 0.015294117647058824 0.01726844583987441
1 0.6335294117647059 0.9309262166405023 0.014705882352941176 0.019623233908948195
1 0.6335294117647059 0.9128728414442701 0.015294117647058824 0.01726844583987441
1 0.6329411764705882 0.8704866562009419 0.01588235294117647 0.01805337519623234
1 0.6335294117647059 0.8547880690737834 0.014705882352941176 0.01805337519623234
1 0.6341176470588236 0.8131868131868132 0.017058823529411765 0.019623233908948195
1 0.6341176470588236 0.793563579277865 0.014705882352941176 0.02040816326530612
1 0.6341176470588236 0.7519623233908949 0.015294117647058824 0.02197802197802198
1 0.6347058823529412 0.7331240188383046 0.015294117647058824 0.018838304552590265
1 0.6335294117647059 0.6907378335949764 0.01588235294117647 0.02040816326530612
1 0.6341176470588236 0.67425431711146 0.014705882352941176 0.01805337519623234
1 0.6341176470588236 0.630298273155416 0.015294117647058824 0.02119309262166405
1 0.6347058823529412 0.6114599686028257 0.015294117647058824 0.01726844583987441
1 0.6329411764705882 0.5667189952904239 0.017058823529411765 0.018838304552590265
1 0.6341176470588236 0.5510204081632653 0.015294117647058824 0.02040816326530612
1 0.6335294117647059 0.4748822605965463 0.01588235294117647 0.019623233908948195
1 0.6335294117647059 0.4576138147566719 0.01647058823529412 0.018838304552590265
1 0.6323529411764706 0.41444270015698587 0.017058823529411765 0.02040816326530612
1 0.6317647058823529 0.3956043956043956 0.014705882352941176 0.01805337519623234
1 0.6323529411764706 0.35478806907378335 0.017058823529411765 0.02040816326530612
1 0.6311764705882353 0.336734693877551 0.014705882352941176 0.02040816326530612
1 0.6305882352941177 0.29513343799058084 0.017058823529411765 0.018838304552590265
1 0.6305882352941177 0.2770800627943485 0.01588235294117647 0.019623233908948195
1 0.6294117647058823 0.2370486656200942 0.01764705882352941 0.019623233908948195
1 0.6294117647058823 0.21978021978021978 0.015294117647058824 0.01805337519623234
1 0.6270588235294118 0.17974882260596547 0.01647058823529412 0.018838304552590265
1 0.6276470588235294 0.16248037676609106 0.015294117647058824 0.01726844583987441
1 0.6258823529411764 0.12244897959183673 0.01764705882352941 0.01726844583987441
1 0.6252941176470588 0.10675039246467818 0.015294117647058824 0.019623233908948195
1 0.6241176470588236 0.06907378335949764 0.01588235294117647 0.01726844583987441
1 0.6241176470588236 0.05337519623233909 0.01647058823529412 0.016483516483516484
1 0.6217647058823529 0.015698587127158554 0.01588235294117647 0.014913657770800628
1 0.6214705882352941 0.004709576138147566 0.017058823529411765 0.009419152276295133
1 0.7685294117647059 0.008241758241758242 0.013529411764705882 0.016483516483516484
1 0.7711764705882352 0.05886970172684458 0.01764705882352941 0.02040816326530612
1 0.7817647058823529 0.25117739403453687 0.014705882352941176 0.02040816326530612
1 0.7841176470588235 0.3108320251177394 0.015294117647058824 0.02040816326530612
1 0.79 0.45682888540031397 0.015294117647058824 0.01805337519623234
1 0.7888235294117647 0.5180533751962323 0.01588235294117647 0.02197802197802198