0 0.2477567298105683 0.17752659574468085 0.009970089730807577 0.0199468085106383
1 0.22482552342971088 0.013962765957446808 0.014955134596211365 0.017287234042553192
1 0.2218344965104686 0.05851063829787234 0.01296111665004985 0.01795212765957447
1 0.21286141575274178 0.22340425531914893 0.013958125623130608 0.017287234042553192
1 0.21036889332003988 0.2746010638297872 0.013459621136590228 0.0199468085106383
1 0.20687936191425724 0.39893617021276595 0.01296111665004985 0.015292553191489361
1 0.20687936191425724 0.44813829787234044 0.014955134596211365 0.01928191489361702
1 0.33998005982053836 0.9375 0.014955134596211365 0.017287234042553192
1 0.3404785643070788 0.9242021276595744 0.011465603190428714 0.015292553191489361
1 0.33998005982053836 0.8936170212765957 0.014456630109670987 0.015957446808510637
1 0.3404785643070788 0.8789893617021277 0.012462612163509471 0.012632978723404254
1 0.339481555333998 0.8464095744680851 0.011964107676969093 0.015292553191489361
1 0.3404785643070788 0.8311170212765957 0.011465603190428714 0.013962765957446808
1 0.339481555333998 0.7965425531914894 0.014456630109670987 0.017287234042553192
1 0.3389830508474576 0.7832446808510638 0.01296111665004985 0.015957446808510637
1 0.3389830508474576 0.7480053191489362 0.013958125623130608 0.017287234042553192
1 0.339481555333998 0.7333776595744681 0.014955134596211365 0.016622340425531915
1 0.339481555333998 0.6974734042553191 0.014456630109670987 0.015957446808510637
1 0.3389830508474576 0.6815159574468085 0.01296111665004985 0.015957446808510637
1 0.3389830508474576 0.6482712765957447 0.015453639082751745 0.01795212765957447
1 0.339481555333998 0.6316489361702128 0.013958125623130608 0.016622340425531915
1 0.339481555333998 0.5957446808510638 0.015453639082751745 0.018617021276595744
1 0.3389830508474576 0.5797872340425532 0.013958125623130608 0.015957446808510637
1 0.33848454636091724 0.5438829787234043 0.013958125623130608 0.015957446808510637
1 0.339481555333998 0.5279255319148937 0.015453639082751745 0.015292553191489361
1 0.33848454636091724 0.4920212765957447 0.015952143569292122 0.01795212765957447
1 0.33848454636091724 0.47805851063829785 0.013958125623130608 0.017287234042553192
1 0.33848454636091724 0.4142287234042553 0.014955134596211365 0.015957446808510637
1 0.3374875373878365 0.3982712765957447 0.013958125623130608 0.017287234042553192
1 0.339481555333998 0.3617021276595745 0.015952143569292122 0.01795212765957447
1 0.33998005982053836 0.3464095744680851 0.015453639082751745 0.01928191489361702
1 0.3404785643070788 0.31117021276595747 0.014955134596211365 0.01795212765957447
1 0.33998005982053836 0.29654255319148937 0.01296111665004985 0.015292553191489361
1 0.34147557328015954 0.2599734042553192 0.014955134596211365 0.016622340425531915
1 0.3404785643070788 0.24601063829787234 0.012462612163509471 0.015957446808510637
1 0.34297108673978066 0.21143617021276595 0.014955134596211365 0.015292553191489361
1 0.34147557328015954 0.19747340425531915 0.013958125623130608 0.017287234042553192
1 0.3439680957128614 0.16289893617021275 0.016450648055832504 0.016622340425531915
1 0.34346959122632104 0.14760638297872342 0.014955134596211365 0.015957446808510637
1 0.34496510468594216 0.11369680851063829 0.013459621136590228 0.015957446808510637
1 0.3459621136590229 0.10039893617021277 0.012462612163509471 0.013962765957446808
1 0.34795613160518446 0.0678191489361702 0.014955134596211365 0.014627659574468085
1 0.34646061814556334 0.05452127659574468 0.013459621136590228 0.015292553191489361
1 0.3474576271186441 0.02327127659574468 0.014955134596211365 0.015957446808510637
1 0.34795613160518446 0.00997340425531915 0.014955134596211365 0.015957446808510637
2 0.21086739780658026 0.867686170212766 0.01296111665004985 0.01928191489361702