4 0.7049356223175965 0.032188841201716736 0.013412017167381975 0.01430615164520744
4 0.7054721030042919 0.045779685264663805 0.012339055793991416 0.015736766809728183
4 0.7033261802575107 0.0815450643776824 0.012339055793991416 0.015021459227467811
4 0.7049356223175965 0.09728183118741059 0.011802575107296138 0.017167381974248927
4 0.7049356223175965 0.1323319027181688 0.013412017167381975 0.016452074391988557
4 0.7049356223175965 0.14663805436337626 0.012339055793991416 0.017167381974248927
4 0.7054721030042919 0.18454935622317598 0.013412017167381975 0.015021459227467811
4 0.7049356223175965 0.20028612303290416 0.012339055793991416 0.016452074391988557
4 0.7054721030042919 0.23819742489270387 0.011802575107296138 0.016452074391988557
4 0.7054721030042919 0.2525035765379113 0.012875536480686695 0.015736766809728183
4 0.7049356223175965 0.2918454935622318 0.013948497854077254 0.0178826895565093
4 0.7065450643776824 0.30686695278969955 0.012875536480686695 0.015736766809728183
4 0.7060085836909872 0.34620886981402005 0.013948497854077254 0.019313304721030045
4 0.7065450643776824 0.3626609442060086 0.014484978540772532 0.016452074391988557
4 0.7054721030042919 0.402002861230329 0.014484978540772532 0.017167381974248927
4 0.7054721030042919 0.4177396280400572 0.013948497854077254 0.01859799713876967
4 0.7054721030042919 0.4563662374821173 0.013412017167381975 0.01859799713876967
4 0.7060085836909872 0.4742489270386266 0.013412017167381975 0.015736766809728183
4 0.7054721030042919 0.5128755364806867 0.013412017167381975 0.017167381974248927
4 0.7060085836909872 0.5293276108726752 0.013948497854077254 0.015736766809728183
4 0.7060085836909872 0.5987124463519313 0.014484978540772532 0.01859799713876967
4 0.7054721030042919 0.6144492131616596 0.013948497854077254 0.016452074391988557
4 0.7049356223175965 0.6523605150214592 0.013948497854077254 0.01859799713876967
4 0.7043991416309013 0.6695278969957081 0.013948497854077254 0.015736766809728183
4 0.7043991416309013 0.7067238912732475 0.014484978540772532 0.020028612303290415
4 0.7043991416309013 0.723175965665236 0.014484978540772532 0.01859799713876967
4 0.703862660944206 0.7625178826895566 0.013948497854077254 0.017167381974248927
4 0.7033261802575107 0.7782546494992847 0.012339055793991416 0.015736766809728183
4 0.7022532188841202 0.8168812589413448 0.013948497854077254 0.015021459227467811
4 0.7022532188841202 0.8319027181688126 0.012875536480686695 0.017167381974248927
4 0.700107296137339 0.8683834048640916 0.013948497854077254 0.015021459227467811
4 0.700107296137339 0.882689556509299 0.012339055793991416 0.015736766809728183
4 0.6984978540772532 0.919170243204578 0.013948497854077254 0.017167381974248927
4 0.697961373390558 0.9334763948497854 0.011802575107296138 0.015736766809728183
4 0.6968884120171673 0.9685264663805436 0.012339055793991416 0.015736766809728183
4 0.6968884120171673 0.9828326180257511 0.013412017167381975 0.015021459227467811
3 0.8127682403433476 0.5050071530758226 0.01555793991416309 0.027896995708154508
2 0.8438841201716738 0.10801144492131616 0.013948497854077254 0.02074391988555079