4 0.28909090909090907 0.9547657512116317 0.011515151515151515 0.012924071082390954
4 0.2884848484848485 0.938610662358643 0.01575757575757576 0.01615508885298869
4 0.28909090909090907 0.8998384491114702 0.013333333333333334 0.016962843295638127
4 0.2884848484848485 0.8836833602584814 0.012727272727272728 0.01615508885298869
4 0.2878787878787879 0.8424878836833603 0.014545454545454545 0.017770597738287562
4 0.2884848484848485 0.8263327948303716 0.013333333333333334 0.01615508885298869
4 0.2878787878787879 0.7835218093699515 0.013939393939393939 0.016962843295638127
4 0.2878787878787879 0.7665589660743134 0.013333333333333334 0.015347334410339256
4 0.2872727272727273 0.722940226171244 0.014545454545454545 0.017770597738287562
4 0.2866666666666667 0.7059773828756059 0.015151515151515152 0.018578352180936994
4 0.2872727272727273 0.6623586429725363 0.01575757575757576 0.017770597738287562
4 0.2872727272727273 0.6453957996768982 0.013333333333333334 0.017770597738287562
4 0.2872727272727273 0.5993537964458805 0.01575757575757576 0.0210016155088853
4 0.28606060606060607 0.5823909531502424 0.015151515151515152 0.020193861066235864
4 0.2866666666666667 0.537156704361874 0.01575757575757576 0.018578352180936994
4 0.2872727272727273 0.5210016155088854 0.014545454545454545 0.016962843295638127
4 0.2878787878787879 0.47495961227786754 0.015151515151515152 0.01938610662358643
4 0.2872727272727273 0.4579967689822294 0.013333333333333334 0.017770597738287562
4 0.2872727272727273 0.41276252019386106 0.01575757575757576 0.020193861066235864
4 0.2872727272727273 0.39337641357027464 0.013939393939393939 0.01938610662358643
4 0.2872727272727273 0.3158319870759289 0.015151515151515152 0.018578352180936994
4 0.2884848484848485 0.29806138933764137 0.015151515151515152 0.017770597738287562
4 0.2884848484848485 0.2544426494345719 0.015151515151515152 0.017770597738287562
4 0.2884848484848485 0.2358642972536349 0.015151515151515152 0.01938610662358643
4 0.28909090909090907 0.19063004846526657 0.01575757575757576 0.020193861066235864
4 0.2903030303030303 0.17447495961227788 0.013939393939393939 0.01615508885298869
4 0.2909090909090909 0.1308562197092084 0.014545454545454545 0.017770597738287562
4 0.2909090909090909 0.11308562197092084 0.01575757575757576 0.017770597738287562
4 0.2927272727272727 0.07027463651050081 0.01575757575757576 0.016962843295638127
4 0.2927272727272727 0.05331179321486268 0.015151515151515152 0.015347334410339256
4 0.29393939393939394 0.012116316639741519 0.016363636363636365 0.017770597738287562
2 0.13272727272727272 0.869951534733441 0.01575757575757576 0.024232633279483037