1 0.006012024048096192 0.8114973262032086 0.009018036072144289 0.012032085561497326
0 0.006513026052104208 0.7406417112299465 0.00751503006012024 0.012032085561497326
3 0.00501002004008016 0.714572192513369 0.00751503006012024 0.01270053475935829
1 0.00501002004008016 0.7018716577540107 0.009018036072144289 0.01270053475935829
1 0.17885771543086174 0.7125668449197861 0.01002004008016032 0.01537433155080214
1 0.187875751503006 0.7125668449197861 0.011022044088176353 0.014705882352941176
1 0.21342685370741482 0.7118983957219251 0.011022044088176353 0.016711229946524065
1 0.22294589178356713 0.7132352941176471 0.012024048096192385 0.01537433155080214
1 0.24799599198396793 0.7132352941176471 0.012024048096192385 0.017379679144385027
1 0.25851703406813625 0.7132352941176471 0.011523046092184368 0.017379679144385027
1 0.2850701402805611 0.713903743315508 0.012024048096192385 0.017379679144385027
1 0.29509018036072143 0.713903743315508 0.012525050100200401 0.017379679144385027
1 0.3221442885771543 0.713903743315508 0.011022044088176353 0.019385026737967916
1 0.3316633266533066 0.7152406417112299 0.011523046092184368 0.016042780748663103
1 0.3587174348697395 0.714572192513369 0.012525050100200401 0.01871657754010695
1 0.3697394789579158 0.7152406417112299 0.012525050100200401 0.01537433155080214
1 0.39779559118236474 0.7152406417112299 0.011022044088176353 0.01804812834224599
1 0.4088176352705411 0.7159090909090909 0.012525050100200401 0.01537433155080214
1 0.436372745490982 0.7152406417112299 0.013527054108216433 0.017379679144385027
1 0.44789579158316634 0.7152406417112299 0.013026052104208416 0.014705882352941176
1 0.4749498997995992 0.714572192513369 0.013527054108216433 0.01871657754010695
1 0.4864729458917836 0.7152406417112299 0.012525050100200401 0.01804812834224599
1 0.5145290581162325 0.713903743315508 0.014028056112224449 0.019385026737967916
1 0.5260521042084169 0.714572192513369 0.013026052104208416 0.01871657754010695
1 0.5736472945891784 0.714572192513369 0.013026052104208416 0.01804812834224599
1 0.5851703406813628 0.7152406417112299 0.013026052104208416 0.01871657754010695
1 0.6132264529058116 0.7132352941176471 0.013026052104208416 0.020053475935828877
1 0.62374749498998 0.7125668449197861 0.012024048096192385 0.01871657754010695
1 0.6513026052104208 0.7132352941176471 0.012024048096192385 0.019385026737967916
1 0.6618236472945892 0.7132352941176471 0.012024048096192385 0.01871657754010695
1 0.688877755511022 0.7112299465240641 0.011523046092184368 0.01804812834224599
1 0.7004008016032064 0.7112299465240641 0.013026052104208416 0.017379679144385027
1 0.7269539078156313 0.7085561497326203 0.012024048096192385 0.01871657754010695
1 0.7369739478957916 0.7092245989304813 0.01002004008016032 0.016711229946524065
1 0.7640280561122245 0.7078877005347594 0.01002004008016032 0.017379679144385027
1 0.7730460921843687 0.7072192513368984 0.010521042084168337 0.017379679144385027
1 0.7990981963927856 0.7065508021390374 0.011022044088176353 0.016711229946524065
1 0.8096192384769539 0.7065508021390374 0.011022044088176353 0.017379679144385027
1 0.8346693386773547 0.7052139037433155 0.010521042084168337 0.017379679144385027
1 0.844689378757515 0.7032085561497327 0.011523046092184368 0.017379679144385027
1 0.8682364729458918 0.7018716577540107 0.011022044088176353 0.017379679144385027
1 0.8777555110220441 0.7025401069518716 0.01002004008016032 0.017379679144385027
1 0.9013026052104208 0.6998663101604278 0.010521042084168337 0.016042780748663103
1 0.9103206412825652 0.6991978609625669 0.01002004008016032 0.016711229946524065
1 0.9804609218436874 0.8522727272727273 0.01002004008016032 0.014037433155080214
1 0.9519038076152304 0.857620320855615 0.010521042084168337 0.012032085561497326
1 0.874248496993988 0.8683155080213903 0.008517034068136272 0.012032085561497326
1 0.8406813627254509 0.8716577540106952 0.010521042084168337 0.014705882352941176
0 0.7520040080160321 0.8362299465240641 0.01503006012024048 0.014037433155080214
1 0.717434869739479 0.8830213903743316 0.009519038076152305 0.014705882352941176
1 0.6798597194388778 0.8856951871657754 0.011022044088176353 0.016042780748663103
1 0.5856713426853707 0.891042780748663 0.009519038076152305 0.013368983957219251
1 0.5470941883767535 0.8917112299465241 0.011022044088176353 0.014705882352941176
2 0.23146292585170342 0.8863636363636364 0.011022044088176353 0.016042780748663103