2 0.7938508064516129 0.8514784946236559 0.015120967741935484 0.020833333333333332
1 0.6633064516129032 0.9227150537634409 0.013608870967741936 0.01478494623655914
1 0.6633064516129032 0.9086021505376344 0.012600806451612902 0.016129032258064516
1 0.6633064516129032 0.8770161290322581 0.015120967741935484 0.016801075268817203
1 0.6638104838709677 0.8629032258064516 0.013608870967741936 0.016129032258064516
1 0.6643145161290323 0.8306451612903226 0.015120967741935484 0.01747311827956989
1 0.6638104838709677 0.8138440860215054 0.014616935483870967 0.016801075268817203
1 0.6643145161290323 0.780241935483871 0.015120967741935484 0.01747311827956989
1 0.6648185483870968 0.7654569892473119 0.014112903225806451 0.01881720430107527
1 0.6648185483870968 0.7318548387096774 0.015625 0.020161290322580645
1 0.6648185483870968 0.7157258064516129 0.015120967741935484 0.01881720430107527
1 0.6648185483870968 0.6801075268817204 0.015120967741935484 0.01881720430107527
1 0.6643145161290323 0.6653225806451613 0.014616935483870967 0.018145161290322582
1 0.6648185483870968 0.6283602150537635 0.014616935483870967 0.01478494623655914
1 0.6648185483870968 0.6135752688172043 0.014112903225806451 0.01881720430107527
1 0.6648185483870968 0.5772849462365591 0.015120967741935484 0.018145161290322582
1 0.6658266129032258 0.5618279569892473 0.01310483870967742 0.018145161290322582
1 0.6648185483870968 0.5262096774193549 0.015120967741935484 0.020161290322580645
1 0.6648185483870968 0.5080645161290323 0.014616935483870967 0.01881720430107527
1 0.6648185483870968 0.4731182795698925 0.015120967741935484 0.018145161290322582
1 0.6663306451612904 0.4576612903225806 0.014112903225806451 0.018145161290322582
1 0.6648185483870968 0.3951612903225806 0.014616935483870967 0.019489247311827957
1 0.6648185483870968 0.3763440860215054 0.015625 0.016801075268817203
1 0.6643145161290323 0.34139784946236557 0.015120967741935484 0.018145161290322582
1 0.6638104838709677 0.3245967741935484 0.015625 0.018145161290322582
1 0.6633064516129032 0.2903225806451613 0.014616935483870967 0.020161290322580645
1 0.6622983870967742 0.2728494623655914 0.015120967741935484 0.016801075268817203
1 0.6628024193548387 0.2385752688172043 0.015120967741935484 0.018145161290322582
1 0.6622983870967742 0.22244623655913978 0.015120967741935484 0.01747311827956989
1 0.6612903225806451 0.18884408602150538 0.015120967741935484 0.01881720430107527
1 0.6607862903225806 0.17338709677419356 0.015120967741935484 0.01881720430107527
1 0.6592741935483871 0.13911290322580644 0.015625 0.018145161290322582
1 0.6597782258064516 0.12231182795698925 0.015120967741935484 0.020161290322580645
1 0.6582661290322581 0.0913978494623656 0.015120967741935484 0.01747311827956989
1 0.6592741935483871 0.07594086021505377 0.014112903225806451 0.01747311827956989
1 0.657258064516129 0.04435483870967742 0.01663306451612903 0.016129032258064516
1 0.6577620967741935 0.028225806451612902 0.01663306451612903 0.018145161290322582
1 0.65625 0.003360215053763441 0.016129032258064516 0.006720430107526882
0 0.7550403225806451 0.15188172043010753 0.01310483870967742 0.028225806451612902
1 0.7842741935483871 0.035618279569892476 0.015120967741935484 0.019489247311827957
1 0.7928427419354839 0.20026881720430106 0.014112903225806451 0.01747311827956989
1 0.7933467741935484 0.24798387096774194 0.01663306451612903 0.02217741935483871
1 0.797883064516129 0.37701612903225806 0.015120967741935484 0.01747311827956989
1 0.7983870967741935 0.4280913978494624 0.015120967741935484 0.019489247311827957