1 0.98876953125 0.8033854166666666 0.0087890625 0.01171875
0 0.98828125 0.734375 0.00732421875 0.01171875
3 0.98974609375 0.708984375 0.00732421875 0.012369791666666666
1 0.98974609375 0.6966145833333334 0.0087890625 0.012369791666666666
1 0.8203125 0.70703125 0.009765625 0.014973958333333334
1 0.8115234375 0.70703125 0.0107421875 0.014322916666666666
1 0.78662109375 0.7063802083333334 0.0107421875 0.016276041666666668
1 0.77734375 0.7076822916666666 0.01171875 0.014973958333333334
1 0.7529296875 0.7076822916666666 0.01171875 0.016927083333333332
1 0.74267578125 0.7076822916666666 0.01123046875 0.016927083333333332
1 0.716796875 0.7083333333333334 0.01171875 0.016927083333333332
1 0.70703125 0.7083333333333334 0.01220703125 0.016927083333333332
1 0.6806640625 0.7083333333333334 0.0107421875 0.018880208333333332
1 0.67138671875 0.7096354166666666 0.01123046875 0.015625
1 0.64501953125 0.708984375 0.01220703125 0.018229166666666668
1 0.63427734375 0.7096354166666666 0.01220703125 0.014973958333333334
1 0.60693359375 0.7096354166666666 0.0107421875 0.017578125
1 0.59619140625 0.7102864583333334 0.01220703125 0.014973958333333334
1 0.5693359375 0.7096354166666666 0.01318359375 0.016927083333333332
1 0.55810546875 0.7096354166666666 0.0126953125 0.014322916666666666
1 0.53173828125 0.708984375 0.01318359375 0.018229166666666668
1 0.5205078125 0.7096354166666666 0.01220703125 0.017578125
1 0.4931640625 0.7083333333333334 0.013671875 0.018880208333333332
1 0.48193359375 0.708984375 0.0126953125 0.018229166666666668
1 0.435546875 0.708984375 0.0126953125 0.017578125
1 0.42431640625 0.7096354166666666 0.0126953125 0.018229166666666668
1 0.39697265625 0.7076822916666666 0.0126953125 0.01953125
1 0.38671875 0.70703125 0.01171875 0.018229166666666668
1 0.35986328125 0.7076822916666666 0.01171875 0.018880208333333332
1 0.349609375 0.7076822916666666 0.01171875 0.018229166666666668
1 0.3232421875 0.7057291666666666 0.01123046875 0.017578125
1 0.31201171875 0.7057291666666666 0.0126953125 0.016927083333333332
1 0.2861328125 0.703125 0.01171875 0.018229166666666668
1 0.2763671875 0.7037760416666666 0.009765625 0.016276041666666668
1 0.25 0.7024739583333334 0.009765625 0.016927083333333332
1 0.2412109375 0.7018229166666666 0.01025390625 0.016927083333333332
1 0.2158203125 0.701171875 0.0107421875 0.016276041666666668
1 0.20556640625 0.701171875 0.0107421875 0.016927083333333332
1 0.18115234375 0.6998697916666666 0.01025390625 0.016927083333333332
1 0.17138671875 0.6979166666666666 0.01123046875 0.016927083333333332
1 0.1484375 0.6966145833333334 0.0107421875 0.016927083333333332
1 0.13916015625 0.697265625 0.009765625 0.016927083333333332
1 0.1162109375 0.6946614583333334 0.01025390625 0.015625
1 0.107421875 0.6940104166666666 0.009765625 0.016276041666666668
0 0.01171875 0.7981770833333334 0.01123046875 0.013020833333333334
1 0.0390625 0.8430989583333334 0.009765625 0.013671875
1 0.06689453125 0.8483072916666666 0.01025390625 0.01171875
1 0.142578125 0.8587239583333334 0.00830078125 0.01171875
1 0.17529296875 0.8619791666666666 0.01025390625 0.014322916666666666
0 0.26171875 0.8274739583333334 0.0146484375 0.013671875
1 0.29541015625 0.873046875 0.00927734375 0.014322916666666666
1 0.33203125 0.8756510416666666 0.0107421875 0.015625
1 0.423828125 0.880859375 0.00927734375 0.013020833333333334
1 0.46142578125 0.8815104166666666 0.0107421875 0.014322916666666666
2 0.76904296875 0.8763020833333334 0.0107421875 0.015625