4 0.0026343519494204425 0.90625 0.004214963119072708 0.013342696629213483
4 0.08166491043203372 0.9199438202247191 0.008429926238145416 0.011938202247191011
4 0.11696522655426765 0.9234550561797753 0.012118018967334035 0.01544943820224719
4 0.2465753424657534 0.9375 0.010010537407797681 0.014747191011235955
4 0.2850368809272919 0.9389044943820225 0.01053740779768177 0.016151685393258428
4 0.3835616438356164 0.9438202247191011 0.010010537407797681 0.013342696629213483
4 0.42518440463645946 0.9431179775280899 0.011064278187565859 0.01544943820224719
4 0.8129610115911485 0.7570224719101124 0.011591148577449948 0.016151685393258428
4 0.8034773445732349 0.7563202247191011 0.009483667017913594 0.014044943820224719
4 0.7776606954689147 0.7563202247191011 0.01053740779768177 0.014747191011235955
4 0.7665964172813488 0.7570224719101124 0.011591148577449948 0.014747191011235955
4 0.7397260273972602 0.7577247191011236 0.011064278187565859 0.014044943820224719
4 0.7291886195995785 0.7577247191011236 0.011591148577449948 0.01544943820224719
4 0.7012644889357218 0.7584269662921348 0.011591148577449948 0.0175561797752809
4 0.6896733403582719 0.7584269662921348 0.011064278187565859 0.0175561797752809
4 0.6622760800842993 0.7598314606741573 0.011591148577449948 0.016853932584269662
4 0.6517386722866175 0.7591292134831461 0.011591148577449948 0.0175561797752809
4 0.6222339304531085 0.7584269662921348 0.01053740779768177 0.0175561797752809
4 0.6111696522655427 0.7598314606741573 0.011591148577449948 0.016853932584269662
4 0.5821917808219178 0.7584269662921348 0.011591148577449948 0.016853932584269662
4 0.5706006322444679 0.7591292134831461 0.011591148577449948 0.016151685393258428
4 0.541622760800843 0.7598314606741573 0.011064278187565859 0.016853932584269662
4 0.530031612223393 0.7584269662921348 0.01053740779768177 0.016151685393258428
4 0.5005268703898841 0.7584269662921348 0.011064278187565859 0.016151685393258428
4 0.48840885142255 0.7584269662921348 0.01053740779768177 0.01544943820224719
4 0.45785036880927293 0.7584269662921348 0.011064278187565859 0.016151685393258428
4 0.44625922023182296 0.7577247191011236 0.011064278187565859 0.016853932584269662
4 0.39620653319283455 0.7584269662921348 0.011591148577449948 0.0175561797752809
4 0.3840885142255005 0.7584269662921348 0.011591148577449948 0.018258426966292134
4 0.35511064278187565 0.7577247191011236 0.012644889357218124 0.018960674157303372
4 0.3424657534246575 0.7577247191011236 0.012644889357218124 0.018258426966292134
4 0.3150684931506849 0.7556179775280899 0.011591148577449948 0.018960674157303372
4 0.303477344573235 0.7563202247191011 0.011591148577449948 0.016151685393258428
4 0.27502634351949423 0.7542134831460674 0.011064278187565859 0.016151685393258428
4 0.2629083245521602 0.7563202247191011 0.011591148577449948 0.016151685393258428
4 0.23551106427818758 0.7528089887640449 0.012118018967334035 0.018258426966292134
4 0.22391991570073763 0.7521067415730337 0.011591148577449948 0.016853932584269662
4 0.196522655426765 0.7507022471910112 0.01053740779768177 0.016151685393258428
4 0.18703898840885141 0.75 0.010010537407797681 0.01544943820224719
4 0.15911485774499473 0.7492977528089888 0.012118018967334035 0.016853932584269662
4 0.14963119072708114 0.7478932584269663 0.011591148577449948 0.0175561797752809
4 0.12276080084299262 0.7457865168539326 0.011591148577449948 0.016853932584269662
4 0.11327713382507903 0.7457865168539326 0.01053740779768177 0.016853932584269662
4 0.08693361433087461 0.7450842696629213 0.010010537407797681 0.0175561797752809
4 0.07692307692307693 0.7443820224719101 0.011591148577449948 0.016151685393258428
4 0.05321390937829294 0.7429775280898876 0.011591148577449948 0.018258426966292134
4 0.04373024236037935 0.7415730337078652 0.011591148577449948 0.016853932584269662
2 0.7571127502634352 0.9403089887640449 0.0184404636459431 0.023876404494382022
1 0.9934141201264489 0.8616573033707865 0.012118018967334035 0.019662921348314606