1 0.23757575757575758 0.12277867528271405 0.013333333333333334 0.014539579967689823
1 0.23757575757575758 0.1381260096930533 0.012121212121212121 0.015347334410339256
1 0.23757575757575758 0.17932148626817448 0.012727272727272728 0.015347334410339256
1 0.23757575757575758 0.19305331179321486 0.013333333333333334 0.015347334410339256
1 0.23696969696969697 0.23505654281098545 0.014545454545454545 0.015347334410339256
1 0.23636363636363636 0.25121163166397414 0.013333333333333334 0.015347334410339256
1 0.23696969696969697 0.2948303715670436 0.015151515151515152 0.015347334410339256
1 0.23636363636363636 0.31017770597738287 0.013333333333333334 0.015347334410339256
1 0.23575757575757575 0.3546042003231018 0.013333333333333334 0.014539579967689823
1 0.23515151515151514 0.36995153473344106 0.012727272727272728 0.015347334410339256
1 0.23515151515151514 0.41437802907915994 0.014545454545454545 0.016962843295638127
1 0.23575757575757575 0.4321486268174475 0.013333333333333334 0.015347334410339256
1 0.23636363636363636 0.47576736672051695 0.013939393939393939 0.01615508885298869
1 0.23515151515151514 0.4927302100161551 0.013939393939393939 0.016962843295638127
1 0.23636363636363636 0.5387722132471728 0.014545454545454545 0.01615508885298869
1 0.23575757575757575 0.5549273021001615 0.013939393939393939 0.01615508885298869
1 0.23575757575757575 0.6009693053311793 0.015151515151515152 0.016962843295638127
1 0.23575757575757575 0.6187399030694669 0.014545454545454545 0.01615508885298869
1 0.23636363636363636 0.6655896607431341 0.01575757575757576 0.017770597738287562
1 0.23575757575757575 0.6809369951534734 0.013939393939393939 0.016962843295638127
1 0.23636363636363636 0.7609046849757674 0.015151515151515152 0.017770597738287562
1 0.23636363636363636 0.7778675282714055 0.013939393939393939 0.01615508885298869
1 0.23696969696969697 0.8231017770597738 0.014545454545454545 0.01615508885298869
1 0.23696969696969697 0.840064620355412 0.013333333333333334 0.01615508885298869
1 0.23757575757575758 0.8852988691437803 0.013939393939393939 0.017770597738287562
1 0.23696969696969697 0.901453957996769 0.013333333333333334 0.01615508885298869
1 0.2387878787878788 0.9474959612277868 0.014545454545454545 0.01615508885298869
1 0.2387878787878788 0.962843295638126 0.014545454545454545 0.014539579967689823