2 0.8060538116591929 0.92152466367713 0.013452914798206279 0.01868460388639761
1 0.6597533632286996 0.9962630792227205 0.01233183856502242 0.005979073243647235
1 0.6597533632286996 0.9857997010463379 0.01233183856502242 0.016442451420029897
1 0.6603139013452914 0.9491778774289985 0.011210762331838564 0.014947683109118086
1 0.6603139013452914 0.9349775784753364 0.011771300448430493 0.014947683109118086
1 0.6597533632286996 0.8961136023916293 0.01233183856502242 0.014947683109118086
1 0.6608744394618834 0.8819133034379671 0.01233183856502242 0.01569506726457399
1 0.6614349775784754 0.8423019431988041 0.01233183856502242 0.016442451420029897
1 0.6608744394618834 0.827354260089686 0.01233183856502242 0.014947683109118086
1 0.6614349775784754 0.7877428998505231 0.01233183856502242 0.016442451420029897
1 0.6614349775784754 0.7720478325859492 0.01289237668161435 0.01569506726457399
1 0.6619955156950673 0.7301943198804185 0.01233183856502242 0.01569506726457399
1 0.6619955156950673 0.7144992526158446 0.01233183856502242 0.016442451420029897
1 0.6614349775784754 0.6733931240657698 0.01289237668161435 0.016442451420029897
1 0.6625560538116592 0.6576980568011959 0.01233183856502242 0.016442451420029897
1 0.6619955156950673 0.6150971599402093 0.01289237668161435 0.0171898355754858
1 0.6625560538116592 0.6001494768310912 0.01233183856502242 0.016442451420029897
1 0.6619955156950673 0.5575485799701047 0.01289237668161435 0.016442451420029897
1 0.6619955156950673 0.5426008968609866 0.01233183856502242 0.016442451420029897
1 0.6619955156950673 0.4992526158445441 0.01289237668161435 0.016442451420029897
1 0.6619955156950673 0.48355754857997013 0.01233183856502242 0.016442451420029897
1 0.6614349775784754 0.40881913303437967 0.01233183856502242 0.016442451420029897
1 0.6625560538116592 0.39461883408071746 0.01233183856502242 0.016442451420029897
1 0.6614349775784754 0.35276532137518685 0.013452914798206279 0.0171898355754858
1 0.6608744394618834 0.33707025411061287 0.01233183856502242 0.016442451420029897
1 0.6603139013452914 0.2944693572496263 0.013452914798206279 0.0171898355754858
1 0.6597533632286996 0.2795216741405082 0.013452914798206279 0.0171898355754858
1 0.6597533632286996 0.2384155455904335 0.013452914798206279 0.017937219730941704
1 0.6591928251121076 0.2227204783258595 0.01289237668161435 0.0171898355754858
1 0.6580717488789237 0.18236173393124067 0.01289237668161435 0.016442451420029897
1 0.6569506726457399 0.16741405082212257 0.01233183856502242 0.016442451420029897
1 0.656390134529148 0.12780269058295965 0.011771300448430493 0.01569506726457399
1 0.656390134529148 0.11360239162929746 0.011771300448430493 0.014200298953662182
1 0.6541479820627802 0.07473841554559044 0.011771300448430493 0.013452914798206279
1 0.6541479820627802 0.059790732436472344 0.011210762331838564 0.014947683109118086
1 0.6530269058295964 0.02242152466367713 0.011771300448430493 0.01569506726457399
1 0.6533071748878924 0.007847533632286996 0.011771300448430493 0.01569506726457399
1 0.7931614349775785 0.013452914798206279 0.011210762331838564 0.014200298953662182
3 0.7595291479820628 0.06651718983557549 0.01569506726457399 0.02765321375186846
0 0.7640134529147982 0.14499252615844543 0.011210762331838564 0.021674140508221227
1 0.8032511210762332 0.19730941704035873 0.010089686098654708 0.014200298953662182
1 0.804932735426009 0.2526158445440957 0.01233183856502242 0.014947683109118086
1 0.8094170403587444 0.3931240657698057 0.011210762331838564 0.014947683109118086
1 0.8094170403587444 0.45067264573991034 0.01233183856502242 0.016442451420029897
3 0.7718609865470852 0.5097159940209267 0.018497757847533634 0.028400597907324365