4 0.8026178010471204 0.1564245810055866 0.01099476439790576 0.013268156424581005
4 0.8036649214659686 0.20740223463687152 0.012041884816753926 0.013966480446927373
4 0.8073298429319372 0.33798882681564246 0.009947643979057591 0.013268156424581005
4 0.8068062827225131 0.3931564245810056 0.011518324607329843 0.014664804469273743
4 0.6680628272251309 0.9071229050279329 0.012041884816753926 0.015363128491620111
4 0.6675392670157068 0.8945530726256983 0.010471204188481676 0.012569832402234637
4 0.6675392670157068 0.8603351955307262 0.01099476439790576 0.013966480446927373
4 0.6680628272251309 0.8456703910614525 0.01099476439790576 0.015363128491620111
4 0.668586387434555 0.8100558659217877 0.010471204188481676 0.014664804469273743
4 0.668586387434555 0.7960893854748603 0.011518324607329843 0.015363128491620111
4 0.669109947643979 0.7590782122905028 0.013089005235602094 0.015363128491620111
4 0.669109947643979 0.7437150837988827 0.013089005235602094 0.014664804469273743
4 0.6701570680628273 0.7074022346368715 0.012565445026178011 0.015363128491620111
4 0.6696335078534031 0.6934357541899442 0.013089005235602094 0.015363128491620111
4 0.669109947643979 0.6543296089385475 0.013089005235602094 0.013966480446927373
4 0.6701570680628273 0.6396648044692738 0.012565445026178011 0.015363128491620111
4 0.669109947643979 0.6012569832402235 0.012565445026178011 0.015363128491620111
4 0.6696335078534031 0.5858938547486033 0.012041884816753926 0.015363128491620111
4 0.6701570680628273 0.547486033519553 0.012565445026178011 0.014664804469273743
4 0.669109947643979 0.5321229050279329 0.012041884816753926 0.013966480446927373
4 0.669109947643979 0.4930167597765363 0.012041884816753926 0.014664804469273743
4 0.669109947643979 0.47695530726256985 0.011518324607329843 0.013966480446927373
4 0.669109947643979 0.43645251396648044 0.012041884816753926 0.014664804469273743
4 0.668586387434555 0.42108938547486036 0.012565445026178011 0.014664804469273743
4 0.669109947643979 0.3547486033519553 0.013089005235602094 0.015363128491620111
4 0.669109947643979 0.33868715083798884 0.013612565445026177 0.015363128491620111
4 0.668586387434555 0.30027932960893855 0.014136125654450262 0.01675977653631285
4 0.668586387434555 0.2835195530726257 0.013612565445026177 0.01675977653631285
4 0.6670157068062827 0.24720670391061453 0.014136125654450262 0.015363128491620111
4 0.6675392670157068 0.23184357541899442 0.012041884816753926 0.015363128491620111
4 0.6659685863874345 0.1941340782122905 0.012041884816753926 0.014664804469273743
4 0.6675392670157068 0.17807262569832402 0.012041884816753926 0.015363128491620111
4 0.6649214659685864 0.14175977653631286 0.013612565445026177 0.01606145251396648
4 0.6643979057591624 0.12639664804469275 0.012565445026178011 0.015363128491620111
4 0.6633507853403141 0.09008379888268156 0.012041884816753926 0.013966480446927373
4 0.6628272251308901 0.07751396648044692 0.011518324607329843 0.013268156424581005
4 0.662303664921466 0.040502793296089384 0.012565445026178011 0.01606145251396648
4 0.6612565445026178 0.027932960893854747 0.013089005235602094 0.015363128491620111
2 0.8047120418848167 0.8331005586592178 0.01780104712041885 0.024441340782122904