0 0.2909887359198999 0.9215358931552587 0.016896120150187734 0.018363939899833055
1 0.006257822277847309 0.9436560934891486 0.011264080100125156 0.019198664440734557
1 0.041927409261576974 0.9490818030050083 0.012515644555694618 0.01669449081803005
1 0.13892365456821026 0.9632721202003339 0.011889862327909888 0.015859766277128547
1 0.1802252816020025 0.9666110183639399 0.01376720901126408 0.018363939899833055
1 0.3354192740926158 0.9824707846410684 0.01376720901126408 0.019198664440734557
1 0.38172715894868586 0.9841402337228714 0.015018773466833541 0.021702838063439065
1 0.49937421777221525 0.9904006677796328 0.015018773466833541 0.017529215358931552
1 0.5475594493116396 0.9904006677796328 0.015018773466833541 0.017529215358931552
3 0.5963704630788486 0.9357262103505843 0.023153942428035045 0.021702838063439065
2 0.94180225281602 0.9858096828046744 0.015644555694618274 0.022537562604340568
1 0.9940550688360451 0.7687813021702838 0.010638297872340425 0.02003338898163606
1 0.9649561952440551 0.7679465776293823 0.01376720901126408 0.020868113522537562
1 0.9536921151439299 0.7687813021702838 0.013141426783479349 0.02003338898163606
1 0.9205256570713392 0.7696160267111853 0.013141426783479349 0.019198664440734557
1 0.9073842302878599 0.7687813021702838 0.01376720901126408 0.019198664440734557
1 0.8754693366708386 0.7696160267111853 0.014392991239048811 0.022537562604340568
1 0.8629536921151439 0.7704507512520868 0.013141426783479349 0.021702838063439065
1 0.8291614518147684 0.7712854757929883 0.01376720901126408 0.021702838063439065
1 0.8160200250312891 0.7712854757929883 0.014392991239048811 0.020868113522537562
1 0.7822277847309136 0.7712854757929883 0.01376720901126408 0.021702838063439065
1 0.7678347934918648 0.7712854757929883 0.015018773466833541 0.021702838063439065
1 0.7340425531914894 0.7712854757929883 0.014392991239048811 0.020868113522537562
1 0.7202753441802253 0.7712854757929883 0.015018773466833541 0.019198664440734557
1 0.6846057571964956 0.7712854757929883 0.014392991239048811 0.021702838063439065
1 0.6727158948685857 0.7712854757929883 0.01376720901126408 0.021702838063439065
1 0.6370463078848561 0.7704507512520868 0.015644555694618274 0.02337228714524207
1 0.623279098873592 0.7712854757929883 0.015644555694618274 0.021702838063439065
1 0.5876095118898623 0.7721202003338898 0.015018773466833541 0.020868113522537562
1 0.5738423028785983 0.7721202003338898 0.015644555694618274 0.02003338898163606
1 0.5131414267834794 0.7704507512520868 0.01376720901126408 0.020868113522537562
1 0.5006257822277848 0.7704507512520868 0.016270337922403004 0.020868113522537562
1 0.4655819774718398 0.7712854757929883 0.014392991239048811 0.022537562604340568
1 0.45056320400500627 0.7704507512520868 0.016896120150187734 0.021702838063439065
1 0.41802252816020025 0.7687813021702838 0.015018773466833541 0.020868113522537562
1 0.40425531914893614 0.7696160267111853 0.015644555694618274 0.021702838063439065
1 0.36983729662077597 0.7679465776293823 0.015644555694618274 0.02003338898163606
1 0.35544430538172717 0.7671118530884808 0.015644555694618274 0.020868113522537562
1 0.32290362953692114 0.7654424040066778 0.01376720901126408 0.02003338898163606
1 0.3091364205256571 0.7654424040066778 0.015018773466833541 0.020868113522537562
1 0.2772215269086358 0.7629382303839732 0.01376720901126408 0.021702838063439065
1 0.2647058823529412 0.7621035058430717 0.01376720901126408 0.021702838063439065
1 0.2327909887359199 0.7612687813021702 0.013141426783479349 0.019198664440734557
1 0.2202753441802253 0.7604340567612687 0.014392991239048811 0.021702838063439065
1 0.18898623279098872 0.7579298831385642 0.01376720901126408 0.020868113522537562
1 0.17647058823529413 0.7570951585976627 0.01376720901126408 0.02003338898163606
1 0.14705882352941177 0.7554257095158597 0.014392991239048811 0.019198664440734557
1 0.13454317897371715 0.7554257095158597 0.013141426783479349 0.019198664440734557
1 0.10638297872340426 0.7537562604340567 0.01376720901126408 0.02003338898163606
1 0.09386733416770963 0.7529215358931552 0.01376720901126408 0.017529215358931552